5184
11968
735
3538
7233
5859
5881
9230
8426
7245
10534
3949
176
9734
496
6451
9620
5207
7184
2443
5651
9614
5920
6220
482
407
9714
2316
2798
2323
769
10537
908
9313
11566
11062
11614
5649
9724
3900
11632
2638
9748
6455
7991
4756
2759
8208
10484
9955
3658
7982
8091
3594
11893
5791
12268
11952
11183
10925
4151
9175
9006
7833
9628
924
8452
6893
1469
2190
12205
10422
4378
10447
2618
3350
6646
10632
3022
8566
3400
1228
8664
6567
7076
5811
1259
4564
11708
6907
1989
11578
8030
5967
11764
10141
1847
8865
11481
9932
1991
3083
3137
2520
2087
10751
1895
11974
8900
11115
6622
2482
12158
773
11439
2229
9200
8015
1042
9867
10634
3446
701
3742
8389
4435
8631
8411
10090
2177
3807
529
307
10583
1005
10182
1298
2560
6373
10602
7183
9066
8913
6723
4249
7460
6706
6856
2532
6160
6093
6985
9195
2416
2879
899
4319
12080
8983
11358
249
2490
3419
9872
9984
113
3555
3939
6499
11672
2931
7821
4649
6496
7951
3946
6097
1588
283
6650
1222
5468
3322
4467
2677
1162
12052
4883
6783
3625
10509
4278
11112
2894
7266
3221
10360
4744
4994
7382
11882
3873
9230
10682
12242
3971
2254
5377
5646
10826
3388
10625
7996
5546
10998
11961
5958
10846
3367
7494
7731
6261
5791
5072
1179
9200
4568
7632
1869
9902
4921
6206
3737
8278
1916
5935
5744
561
4111
5579
4451
1273
8819
4242
8578
6425
3536
4051
9300
1312
11714
3359
10888
8053
2886
7934
7622
7724
6759
11047
928
9148
1202
714
4264
347
9530
5152
10026
8849
8207
237
7689
5162
2827
4653
3597
10435
168
2777
8469
3060
5904
10236
247
7964
8196
6134
6235
10674
8488
6178
1182
5916
8019
1484
7123
7789
2497
7657
235
9463
6727
1861
9657
5537
5670
6210
6252
1879
3285
7067
6085
1407
9672
11527
5714
10887
4078
7638
2975
6432
8800
869
9424
8736
12092
4153
6793
8126
3851
7439
8167
3931
8491
9991
10616
5761
4417
10170
1635
3224
2527
11546
3224
4695
1082
2515
2742
6428
8253
9330
6473
4001
2131
2276
390
9206
6029
1785
8076
11698
6482
5647
6190
10778
4957
3961
6273
1704
11132
1894
2044
4633
157
8240
4037
9924
8157
8821
1963
9816
9177
7674
8564
8510
2815
7490
404
1729
488
4854
4362
4745
9882
10924
5936
141
8348
3073
11981
5892
6898
8215
3795
8199
9318
943
1306
11814
10544
11255
1198
9020
2613
9479
0
10685
4210
10982
2655
6160
10372
11549
6178
5956
10495
1830
7003
4347
1875
3316
5078
9457
8185
6509
4872
6399
3418
2987
10374
9215
7980
11458
4445
6452
4751
3608
5939
8291
1516
4819
830
3005
10484
2805
7409
8010
10839
7112
562
9240
3595
10820
8925
9225
10990
10584
6829
1648
10444
1535
11007
11289
9738
1935
2837
1908
7648
1033
7340
1550
12012
7300
6198
8979
7641
5479
4145
6063
3610
10638
10371
2633
7919
1738
5710
4757
7049
5819
9545
2596
5248
5938
9247
3733
199
12152
1054
3109
4454
9063
9004
1284
9873
11680
9409
7292
7789
7387
3
10499
5800
5371
10618
9047
3278
6487
2892
9040
1299
10200
9530
11854
9276
1830
10657
6170
8637
516
4931
11979
10168
5135
7392
9359
4350
1684
9659
8209
3756
9943
1702
9794
7009
10641
1647
6252
11302
12279
10268
10539
4850
5767
5096
6385
10429
2974
9686
7345
9687
3846
5150
10288
3472
9468
8104
3117
9569
3128
11290
2088
1239
1320
3070
2294
8599
12269
10537
5370
6153
7341
11954
6641
381
4110
10851
7958
3931
1254
11421
12210
6472
8552
2848
180
9910
6059
603
5721
7644
11045
4137
11903
4110
5535
1173
679
226
495
11022
1989
6621
10939
4969
10810
4680
8873
193
9808
3852
3266
10085
6102
3483
5645
1696
10225
11248
3223
2724
8211
2618
11105
10276
11967
5697
5595
711
10817
7531
4157
27
2455
4178
5203
2736
9803
1565
7372
7996
6573
2976
10297
1947
4124
9302
10031
8211
5759
8530
1945
3542
1920
140
44
4462
8208
9675
10376
7607
6684
5429
10873
11928
6387
10424
1072
11349
7637
1444
8705
10547
6554
4655
8074
8311
7738
6911
2150
17
2554
3541
12020
0
9894
2983
3224
7853
2723
3618
3250
10104
1644
10275
7925
6234
7294
7565
3856
9230
569
9817
8514
6908
10301
7995
5717
10261
5062
9925
209
2020
8100
5482
3429
9916
7612
10371
4933
1004
3110
4016
8336
3938
4748
424
10270
10512
3739
3518
5448
5206
10196
6997
42
9580
4175
12100
5570
10063
4832
545
11428
6745
10439
8592
3787
10688
12113
8572
5332
6501
5702
5892
1422
6019
6568
7782
4751
4222
5545
2604
6312
9875
2538
8067
4914
996
3736
9120
1303
4728
8236
369
6015
1636
8501
10747
12136
