4032
9872
4747
12010
4377
9750
4231
6946
213
11837
8667
2117
3968
1404
11772
3415
1045
12281
5067
7850
5202
10226
11259
8883
7831
2622
11767
8994
1678
2848
6375
3078
10305
8229
5312
4679
5680
2528
1013
3637
8833
228
3752
7190
10772
11571
11107
7472
1576
8333
6461
6743
10607
7764
10637
921
3450
6623
3652
1622
724
1529
897
1940
6652
219
385
757
7318
860
5812
10509
5632
5056
1871
5658
10971
8333
306
8443
10057
990
3543
5128
3036
5808
1563
9617
3047
5095
7034
4680
6564
1035
1145
2518
4610
525
6299
7605
8040
4793
12180
12094
10841
7052
3455
11189
10615
8075
5475
4809
3140
7864
4908
3467
1762
2370
11351
2525
11433
2769
1228
7754
2301
6377
7403
6501
2790
12239
2200
11864
4770
6655
10191
2993
7588
7806
9879
3906
8669
3809
5016
4104
6394
6395
1
1829
11339
7117
6810
12153
11709
6425
887
8752
3355
2568
3132
3004
3797
7923
11030
290
2372
10073
10965
8212
10451
3367
5314
5170
7145
1388
10851
10187
9943
11885
2091
11963
2446
3673
5333
422
7419
11857
5640
8709
12083
5522
3087
4477
10974
2706
1534
9948
6346
10629
5964
5296
10762
5382
3296
9168
8530
9314
2589
11248
1932
2915
7369
1483
4999
6434
10244
2687
6253
12065
12261
8036
5826
9923
4739
1525
2811
6812
6955
1471
5336
11085
9259
9277
3605
6942
7589
7473
6945
5549
11079
7032
1797
11252
12198
7289
9247
4403
12002
10502
8019
6491
3292
11551
9774
9334
3982
10083
10350
2648
8621
1129
1032
9961
3468
8407
8271
10418
8065
174
8998
6338
8082
3082
6923
6042
1462
3084
1477
817
6866
1112
11026
9412
2525
5409
10605
912
10022
7000
11690
12097
10330
5843
7000
8143
5394
2548
3209
10855
8319
6759
243
9792
2703
4845
10081
7131
5083
10006
2558
1604
9704
4475
7625
438
6782
3929
9897
10357
5145
940
3410
890
5479
11123
9730
6680
9087
2101
3324
4634
9474
954
988
1606
85
3495
1156
4631
2608
7635
6469
1031
1364
10436
10789
10216
4088
11219
12041
2439
4641
512
3569
3123
11215
5905
4775
5680
4092
4303
11661
8328
2271
4452
12089
800
2825
11882
10278
2795
25
5678
9154
6163
11600
4382
1265
10300
4831
3841
2558
6517
5408
4957
10136
11082
2964
1135
5866
10540
10481
6735
9755
12195
1963
1914
3375
1419
644
7593
7558
1478
8372
1560
6978
3547
8923
5334
5956
10519
10331
3128
8229
6174
1571
11457
6306
9605
2993
7601
8636
10645
8295
754
10276
10604
8791
11325
6847
11804
10428
6707
394
9803
8895
10870
11609
9262
4062
6518
5520
10241
1686
8644
4593
4629
8839
8009
8474
11035
10794
1965
2892
7047
12258
8696
7361
9514
2655
2713
7483
7261
9768
4169
4275
6962
7885
6138
6630
3670
11589
1553
4766
659
7464
112
7045
7174
6619
4210
7244
6041
11945
124
9444
11165
680
3472
10746
7797
11123
2524
4862
6446
5338
9359
10176
1972
11157
1110
7539
7709
7565
3384
141
12004
1451
3573
1747
8931
8011
6036
3426
6960
11370
3597
4452
1100
476
8980
3653
7430
11453
5161
10537
7385
5468
7095
9736
4401
1853
7286
8999
8839
1216
10883
1227
8502
1632
12267
11249
3810
1682
11798
9935
348
1443
5422
10375
333
4018
10652
7184
2860
12286
10857
7109
445
8736
1815
3098
6519
10523
9086
2355
11774
9543
12237
1128
3614
3825
8827
2373
421
1924
193
1451
10086
2984
5006
10802
7892
243
6170
3738
4463
2351
8264
9322
10841
5006
10297
9881
12265
9680
11379
9538
1187
3585
11727
10449
3394
3256
9066
435
12
6369
3241
751
4490
120
11447
9430
12145
4083
11487
3587
7125
3938
9200
8313
8670
5602
10607
2655
4250
7038
9310
6328
1896
2002
3186
6735
4174
1797
3079
10787
9948
7250
2172
9476
10147
7995
8941
7043
4275
7871
8814
818
5443
5906
9017
12260
5943
7629
6367
10419
3885
3581
10018
777
12208
4642
2095
8061
6735
5774
12286
4187
1494
297
352
8874
9037
5928
6615
9890
133
3945
7969
3256
5669
11926
9113
7046
11110
397
8967
585
8186
7393
1037
2256
11413
2375
3916
6166
115
10392
5324
865
1826
11819
9063
0
2869
7355
3461
12075
8928
10728
994
5918
3262
7820
9989
570
7476
11143
6113
4956
12187
7469
8943
2222
6119
2629
5787
11923
12133
9121
3668
568
4654
550
4306
9763
6618
3916
3564
3379
3687
7858
374
646
4799
11815
8536
7838
2433
3489
7244
3677
1874
4559
3990
3878
4611
8426
397
10669
3201
11269
2101
3337
9760
1560
2967
7534
62
7070
2215
10301
5908
11087
9642
2946
9295
4197
4742
1571
6175
2289
4469
209
4911
5840
8075
715
4402
2486
11475
40
457
8968
8016
9093
10760
2930
6346
