8771
12090
1102
1991
5000
8860
4269
2471
6347
738
2196
6389
2114
11155
4561
6688
6262
11664
10629
1090
11543
7461
4644
575
5523
10754
8339
9186
7261
2366
4665
8571
531
6074
5590
4595
4847
3177
5788
9320
4266
9712
8074
5852
1975
8673
10735
7757
7471
8583
1485
5661
4687
8798
2885
4641
7808
2679
11151
11849
12100
903
5769
2791
3527
5140
2096
222
4430
558
10606
335
1788
6302
1258
6297
5124
7594
1286
6232
3987
9146
12106
3214
10053
11742
1141
8815
4947
160
6288
3656
9277
931
8213
11132
12214
6230
240
9103
4148
9690
5490
9522
11663
6263
11385
6925
10301
1583
3112
7971
11997
2929
6087
9496
6477
2661
11701
5654
6919
2384
10071
8786
8896
7210
11066
1276
568
9408
4102
12286
8474
1073
5204
9524
716
9358
10481
7593
11426
10718
7556
3872
295
11844
5198
7615
7310
6295
2204
12081
9831
4065
1128
10596
9933
6649
7288
2238
11965
1067
4498
2474
993
6862
1091
4846
2671
984
6278
5169
7261
10753
5214
2902
2186
10931
5655
6869
10203
6823
1569
7282
1771
7145
7025
1687
3397
4259
9114
3319
3914
9398
7393
3332
7705
568
1600
6069
10619
567
9689
11525
11464
10955
11498
7083
3521
11256
8203
5163
9646
8989
9289
8858
6333
2599
8834
6112
2676
3920
11884
12051
11631
8426
3293
2512
7939
11040
9656
3411
1708
3101
173
12037
4470
5711
3153
3202
11829
9009
10150
2423
6748
4697
7402
5752
11466
1694
9861
8772
11299
1398
12137
10377
1804
3561
9967
11337
5584
2780
447
7111
3684
3504
12270
12084
10188
3736
1580
4912
9979
2047
4355
10177
2325
5758
6139
10979
9289
6887
1287
2923
9507
9799
2914
1573
2408
6441
2800
10469
3749
3357
11953
9540
6829
2040
9849
2520
1276
6387
1825
8194
2962
595
8937
7572
8375
6838
11963
5093
5094
4472
4613
2081
7356
9215
1948
7853
11011
6534
8771
545
11798
1921
647
705
9562
247
7452
12256
4102
10113
11949
10116
1170
4662
9214
10616
9081
7286
1768
3431
10509
3895
9049
11689
4816
7663
5996
2207
6979
1436
5808
10330
8930
2403
6475
9468
9618
8559
4220
2691
9177
92
401
10489
5327
4842
11225
9009
10488
1875
6006
10228
7392
10079
1502
6794
11465
12000
11371
2989
5828
4867
1974
3610
11804
4296
2974
9342
5208
705
8074
7426
2429
12020
7691
10834
8672
2972
2810
6379
7989
6761
7689
9379
4318
230
4669
8163
10422
105
8674
7702
12289
6822
503
9044
3664
10206
11148
1722
8207
2817
728
775
9434
6357
8121
7098
2073
8180
6721
1872
6255
11399
5542
5293
10213
56
208
8741
4406
5134
12066
7554
6294
7947
6365
9495
11075
5792
1143
7539
7283
10843
7509
8532
5863
6736
12022
5294
12206
5126
3559
7739
2414
10436
6306
11197
5124
11172
9437
3419
81
6251
9311
3231
3962
6353
7331
611
11765
961
10205
9298
10291
8302
5757
2373
9836
10252
2724
266
9568
602
3869
5825
10161
8210
3249
7825
638
2772
4584
3427
1202
7473
7662
4976
2351
11497
1448
1142
6562
12060
11410
5236
9591
8839
135
5098
11835
10107
2457
7234
5532
272
4758
60
7984
1531
7074
409
4474
6250
7803
5711
11432
5731
10966
2592
591
657
4208
6130
10180
582
8675
8160
1869
1351
11095
5120
9738
505
5830
316
7617
10974
12132
11741
6640
1299
8741
9443
2075
11453
4327
5870
2488
1047
7638
2540
5368
1999
2992
1918
7707
4751
4322
11531
10277
1486
9067
1150
1198
2464
72
11519
4708
8303
7881
12043
7155
6390
6546
6222
9330
7150
9883
3081
31
12209
9198
1532
10992
5708
11130
11853
5544
896
1644
2703
3551
9012
2750
8228
8941
2312
6623
11671
871
8555
646
12100
2729
10533
4704
3322
7394
4697
6247
4491
3006
7838
12005
407
1923
10944
568
10814
10858
8080
6933
8549
8168
3145
10508
8560
1700
8156
11580
12017
9747
10443
11558
10140
10468
6198
4873
8886
2630
7375
11754
2813
11806
11912
4950
7977
7211
7697
2974
9472
8819
3182
8678
1621
9237
5218
9841
3836
11087
11828
9848
1987
10547
1194
4205
7109
5524
3201
5069
1738
701
2562
7303
3651
4584
3878
2620
5579
3614
9722
8523
7777
5096
7523
9483
3708
3222
3192
213
2868
11627
3278
8714
10276
11760
2600
395
2489
2498
9062
3541
11767
11185
9206
9430
9939
11520
2420
1496
30
355
9370
3237
10507
10195
8887
64
11272
3937
8452
2148
5806
4778
4504
9595
1896
10675
9038
7144
1466
4174
11609
1479
2546
6122
3753
9320
5553
425
874
4193
1846
11679
12172
9761
10719
7015
9577
6324
1521
3507
12090
2192
7206
7224
5007
257
7648
140
1874
6760
1476
1591
7989
6555
4125
6743
2333
10469
2964
10241
2548
3333
248
