-1.67173636586878910e-22
5.49342126073530293e+09
-1.09402460032755306e-44
-1.17778385218422397e+51
-4.86507732052640696e-146
8.53713042444542609e-141
-2.13589779528196317e+60
-1.29421686779671205e+110
-8.17330850342068951e-150
-5.33825081548979499e+80
-1.36473686894864608e-110
1.03963114519893783e-61
-7.42828707054948560e+39
-2.03130701680399385e+244
-1.57063284339010176e-184
7.36379964664850514e-46
-6.03404180607812780e+26
-2.96275000256898773e+75
-9.19079411951820974e-38
-8.74653850334999142e-218
3.04764354187631473e+77
-3.52505106842908203e-42
3.48864179867577501e+37
-1.43868360790194966e-71
-2.94668393023447266e+31
1.42364500277961149e+94
7.25281773875516999e-120
-4.68436170938487409e-228
-8.85488591357082971e+163
6.01816886368799037e-208
-3.39906582395639353e+49
-1.04421347689450720e-103
3.52058087729376287e-02
2.08283037762923587e+55
6.40584410157452297e-96
-9.14358358213000149e+07
7.88204050179672217e+56
5.52609319059215952e+05
5.95026852367886927e+69
-5.17973854502367980e+126
-4.40585497999816467e+11
2.47817153859786234e-130
-1.59382759918070204e-60
1.82525240399108572e+91
6.75875537173927752e-30
-4.20583170715836476e-78
7.22080976144302440e+32
2.16743989272078967e+203
-2.69128580301651026e+19
-1.49080214994500857e+135
7.19572684128953235e+78
7.31379646705375715e+79
-3.01454613035926439e-119
-2.95454873845598743e-214
-1.91711694767253465e-30
8.90165132194470266e+189
6.42550162139839265e+197
1.13400251852143948e-71
3.92512774541003603e-295
4.50686836025887891e+22
1.37201619705633509e-13
5.12112145118061364e+132
1.42838014653922583e-133
4.96764824315641690e-72
6.99004078614597550e-37
-8.04127535406414157e-82
2.48513683237687843e+94
-8.60780383566504004e+36
-3.18581029589477440e+149
-2.83649968203450733e+149
-1.20743025543171780e-124
1.39294258769858073e-227
-7.97867753182802608e+226
-2.11323751358076335e-37
1.50468300426824834e+74
5.55095524025529509e+173
-4.66070860884620682e-198
-1.02140043920601056e+84
1.09082251026300405e+86
1.31417198085606100e+273
-1.09165665582924298e-213
-1.29403832340814482e-49
5.24823740093923610e+61
-1.84372574300337646e+02
1.32670640847544939e-267
-1.60510879500490301e-121
-2.25129918976515157e-04
1.88315203544782129e-148
3.65018478460995755e+134
1.04621531704360553e-158
-2.70951714025109888e+115
2.76589547961008408e+42
-1.71691737257022358e+259
-5.50009539816665089e-183
6.06827560675578175e+173
4.78991689231977864e-185
6.12292622275855944e+89
-8.95373917517473281e+73
-2.22270556775844536e-85
1.00350930434638010e+37
6.14688360602932340e+117
-5.01865907251105229e-47
1.58239176606430485e-155
1.72770323075410594e+55
-9.34928714376635018e-46
2.99242819032222516e-08
-3.18697161209687319e+193
3.65716204490978819e+129
6.53990050929179060e+25
-1.36996941217349442e+24
-1.94070959356057587e-36
1.02493339211927063e+47
-5.88586322573558759e+83
-2.58609235966996857e-76
-2.56308460868961347e+220
8.33067375862759067e-257
6.99670304778499896e-85
3.09343657842340909e+115
8.46252961091845124e-185
1.02924524829139556e-11
1.22474192722091793e-130
-6.30257201197982579e-217
1.41129212831044105e+180
1.14426521298973300e+85
1.06845000435010205e-20
-9.98130731743243048e-61
-5.41021284086308018e+237
-2.85040534512337861e-149
1.49339864747733698e-133
-3.02011378470568504e-08
5.37489231775868888e+01
7.61475163704721440e+16
2.42248352471496851e-192
-1.96958509718951782e+263
8.99500285200177130e-202
-9.70070552036346623e-131
-4.04327299638228282e-172
2.47843280425550268e+138
-8.58369036100084159e-96
-5.92354953173687138e-31
-7.02049912478838360e+124
4.89197726789400404e-33
-8.95031335669699273e-59
5.07940499407064164e-75
-1.02523395848961421e-105
2.64149472725366391e+91
5.56482042581327333e-100
-6.36351618868603892e-120
-1.92986213490346671e-75
3.42782185153967582e-140
-5.76077130367950838e+91
3.83273087272341191e-24
5.10022355132328744e-10
-4.04613290574734981e+272
7.73797912776362548e+88
-4.95724256761384319e+247
-2.39336343597359353e+54
-4.58634041884956122e+228
7.15142479678262646e+01
5.47222380390913556e+47
3.54584939906515782e-05
2.42634985565722489e+61
3.32034132384417475e+46
1.02975639385355001e-24
1.09831122862176869e-03
4.59708917995062795e-90
3.03861348343162733e-09
-5.10920207897162588e+142
-5.28222291066868479e-31
1.39449388532493043e-59
5.39252116755439874e+03
1.75019709085843407e+61
-3.63349362095879057e+92
8.44599449233869078e+38
-4.62141395066837283e+77
1.92653979712600299e-26
-1.67450542535979368e+131
4.32623568204895267e+173
-1.44823264214730523e+20
1.25393946281402935e-93
-9.94320713172253301e+132
-2.57983808367810970e-101
1.27836934019033512e+92
2.89838850507065190e+39
-3.31670389043129885e-08
-2.67745558946545107e+229
-1.01876866585398413e+180
-1.79259693330650239e+46
9.29441906558621494e+92
-1.17836908327461699e-126
-7.03038641825780335e+65
1.20038947194341319e+44
2.64978974745214013e+47
2.03809526299413281e+23
1.85846794899959671e-176
5.31995974618762040e+88
-4.79701777419859074e-101
-7.01594447119720238e-228
1.05144674449716369e-08
-5.14590848871037050e+47
