1.38670623899704087e+134
-3.34597808612315386e+146
1.72037653813572833e+00
1.92532494837489301e+84
-8.49387899806479155e+113
-1.66029669244202226e+218
-2.05694436791636904e+182
2.92645218063103197e+26
-6.27888000398635614e-91
-6.86336906333291657e+55
3.31758266501286601e+93
-1.68795092211285451e-19
1.61970842451483928e+142
7.52910472883529864e-12
4.69371722496103760e+94
-1.49505100570725027e-79
7.36245771306208354e-112
-1.58151940159302304e+192
-1.20799459522177563e-62
2.35699294342344049e+61
-1.20979512130327166e-64
3.22467546482085378e-99
-9.42782849702944810e-106
-8.99369822620213401e+256
6.14913756455736675e-126
3.87572830226320582e+112
1.47111274632585353e-187
-7.08824571918790583e+82
6.82375917868950548e-32
-2.42933120262893202e-66
-6.69660962415348705e+53
-6.52959842429489852e-255
-3.08686411105174343e+200
4.36922293460475037e-122
1.14805257516753049e-128
-1.13806332717947337e-02
-6.09149933619331534e+121
-6.65103939732731686e-86
-6.31009239799042627e-215
-1.95760456433256186e-26
-8.91457163721970898e+12
-1.01496853975131359e+38
1.73951619045228542e-190
-4.09145178396741455e-154
9.61727719091432944e-82
3.77411826302083056e-154
1.54701546288196523e-09
-3.02982100379054645e+78
-4.88527344092145825e+226
1.47152373729871583e-177
1.99342593797896344e-32
-2.19854620545356976e+188
-4.21244510899281329e+54
-4.21707924210455403e+182
1.49743058037330015e+244
-1.48431585914661927e-211
2.01796437599945426e+253
-6.83134866808761547e-88
2.63670113887064448e-202
-1.74784554264697405e+51
-5.82968830653153891e-49
7.37402356487453523e-98
-5.58282928303803929e+44
-4.84275720631984059e-68
-9.34349333652648081e-35
-1.85236446407666882e+181
1.68777661224645685e-104
-4.88744966481775423e-141
2.98030671580059590e+163
6.75043731686474873e-56
-3.78193177264823714e-25
-1.16767195499247415e+39
2.20028366957694048e+89
7.07326045806316712e+130
-5.15142610671983478e+161
1.24074418881496581e-47
-1.35794357971459570e-120
-1.20759421596627707e+231
2.50138168508785700e-74
6.08916153046510532e-30
-7.98733773443448549e+38
-1.16450248852930895e+03
1.78628878005625256e-90
-1.40991588663742335e-139
-5.51461728853304372e+118
-3.06346200453303736e+30
-4.12850738383141983e+128
1.25398382654907480e-272
-1.00656430699293848e+45
-4.97516502107573210e-158
-2.31087524913821589e-107
-4.67483565414757175e-179
-5.82466916207152854e-59
-1.59822446796780716e+150
2.00327690173968469e-54
2.27313873401235227e+190
-1.46777480439625456e+215
2.82244540003594275e+152
5.03354122971098906e+13
-3.44055177963690308e-109
-9.75596111932570995e-07
5.31951349603798985e-232
-3.82273835973189002e-170
1.19729452496840201e+106
-2.92160639748569829e+144
-7.05763869503692648e-48
7.86999036442649465e+186
-3.49066011983178320e-194
-1.26775532889942200e-235
2.17263446098295315e-156
-1.25076998163023755e-189
1.94175759841187448e-24
-1.82091395207157951e-118
9.65962208520302508e+107
-9.60435228248549632e-139
6.96182593549267237e-42
-7.31868922211219946e+27
1.52389944300959051e-150
-1.82849155426515874e-138
-9.41946193328724730e-91
-1.49786096048066144e-175
-1.07202809975533078e-66
-7.48487640655896490e-61
1.04020962860313565e+25
-3.64791371385673084e+101
1.05006881215061307e-78
4.26000016673480121e+139
-1.22596527828851261e+65
-5.12384511347500210e-03
1.49544259763214312e+198
2.95085061386679168e-74
8.46294251502704683e+21
1.53595402742353640e-21
7.71384508749869040e+235
1.73289742748531440e-64
-1.12024141522331591e-197
1.34728031997613843e-84
7.21923232836592468e-63
-8.65660498655481580e-76
-5.50521611346860840e+11
-5.42749794488245602e-92
-1.41155730298057771e+146
3.32739029404889542e-223
2.36196837019955647e-175
2.27604291149264357e-69
-4.33509110486222488e-88
-5.11052747375359246e+61
-2.98181278192162993e-183
-2.54323654948411720e+185
7.24276356558702741e-30
-1.03179659629561584e+07
5.32520987420990456e+154
-1.89045261927946720e-113
-5.57506038832055449e+08
-2.84892264813288553e-267
-2.75188657400826383e+36
2.31539370462334550e-12
-1.63317837155751164e-54
-5.64448215534376882e-22
-4.64199649942540577e-47
-2.15052578547363380e+94
-1.86671910448487240e+117
5.18668945220737212e+175
-2.74093928641121335e+202
-8.44534590592899956e-210
-2.53998020478056549e+11
3.38196995467640707e+182
-4.03781484199039061e-270
-7.69947347586399662e+104
-3.92015906156845140e+237
2.24081014050378668e-124
5.83282295909978657e-61
1.15885049726864126e-212
4.03622880282296009e+115
6.51358400614733751e+154
-2.27777770453102719e-222
8.66205543792258807e+123
1.58821799767198107e+221
-2.18845327037558785e-194
-1.10145377644192432e+189
1.51634104822616683e+50
-3.06907562334330875e-111
-2.19834400428323260e+47
-1.70860302971899379e-16
3.90003958393149483e+23
9.04904959768898763e+141
1.64818249479719150e+85
3.59658563005642600e-122
-1.42517286652295843e-80
-3.04576070157848338e-09
3.39732121151608866e-05
-6.41203400782254443e+42
1.40504384230537499e+187
1.66915369747650839e+187
-1.41542653732607725e-119
-2.72791660644745206e-50
-3.56962919922844478e-30
-4.14029130229663583e-14
-1.21757581608219505e-04
2.44821414323054887e+138
