-2.99171244037808125e-96
-1.34397515984577119e-88
-1.94978906333649252e+94
5.78245155628469701e+153
-5.24774617709460872e-74
3.89027544217751201e-38
8.93668654034689271e+27
-2.24376045734992568e+37
-4.87642361557147469e-13
-4.24984653167138129e-30
-7.28049617394176884e+00
1.48777585629363022e+70
2.29916343893635873e-57
2.37499517586517478e+122
1.61066227221421537e-154
-1.22219950270978696e-117
-1.38186380568545147e+36
-1.38146922525391505e-45
1.26030004416071023e-33
1.47816341376860702e-115
1.20655712212049010e+97
6.78461344808814221e-03
9.90408195612995894e-83
-9.75792633895955486e-148
-3.98891036791776101e+27
4.38675604484271493e-53
1.59487108394116462e-80
-3.56031721990529612e-131
4.07962454756302089e+111
1.43591268926385154e-69
-1.57907007427092742e+20
-5.22831552884594916e-111
-2.11613542732998499e+27
-1.67497444237878135e-77
1.03893674525964995e-100
-3.45902750492236357e+145
3.02527475168578607e+139
-4.60459215793014686e+69
-6.21688281315337472e+40
9.29651309943681717e+08
2.18360343776552937e+121
-3.25071401074191400e+01
-4.87894599823991643e-75
1.04011036367713089e-58
-4.04168712753189941e-64
1.47784696100903595e-121
1.60449530001543215e-105
-9.39289410965014422e+107
5.86764150259027529e-70
-6.81848536300436173e+146
8.31023914549017132e+86
3.88686369490001645e+139
4.29976545252690593e-70
1.10343515396017080e-147
3.41797369582998815e+91
-1.63449860597410937e+145
5.44761206180524520e+74
-2.05253238702934328e+81
7.78504838494864731e-143
9.65893492393388157e+144
-2.59317437367353358e-132
4.40744331069651650e+15
7.57707670789187375e+14
2.17027778066956801e+74
-2.68379961194114196e-75
6.06409330101832451e-17
4.16054207151734573e+56
1.75124387353619406e+31
3.47391615339609097e+44
-2.28906595680114416e+51
1.96541897925468919e-98
4.23611138735268326e-128
-6.58447275266054880e+140
-2.86974730159619427e+09
-2.58167677966693809e-05
-3.12311768243468655e+50
-2.09260921441369466e-94
4.40288662618820180e-45
-3.59670344289573828e+12
-1.42559578243821262e+152
-1.76365098272438722e-115
-2.43416583325973360e-55
9.97240733760649620e-29
1.45655363980794064e-93
-5.93489948547503496e-123
-3.02712571862164119e-64
-7.73256359413523464e-100
-3.08780856529835705e-19
-4.78696455367884253e+128
-5.32642657571260771e-61
2.36155081507337612e-08
9.00271051674598932e+19
1.28710361280658003e+115
8.33974240673969006e-88
-1.28059952256477633e+106
-1.95398324062834381e-38
7.46788409959352016e+08
-3.26877589016719492e+96
-1.52278845232730167e+38
-3.41753756569186659e+109
-5.17358172265427456e-24
6.85326290681277296e+76
-2.16220366933520266e-20
1.39170468682956127e+122
-6.94256991781364568e+06
-2.89850075977814520e-121
1.83324162727354129e+78
3.29972228426712818e+40
-1.73080625113433194e+117
6.74728745661301740e+83
1.35580030316539000e+14
1.23413718881505424e+24
-2.27875303559155069e+61
-1.08144611671761625e-103
-1.48107348564682916e+139
-9.99754880095514068e-121
2.56743097676315896e-117
-3.86758602116109961e+99
-1.84720653357143168e-131
2.18751607339184654e-154
-2.50239697120385327e-88
-2.79561526597368049e-137
-5.58812270343709905e+53
-1.51677470441823591e-30
-9.58718628924156551e-27
-1.19646640157077613e-138
2.94401572140077256e+128
2.86993667410097186e-46
-1.16349224601183127e-108
-4.94572107274852846e+36
-4.28574978939832835e-122
3.00822213643404208e+22
4.22347720664265757e-75
-9.93458216875721978e+148
8.78539199199207402e-83
1.66092648564217845e-131
3.69004877035477739e-60
-3.66559015941192038e+18
-9.88074201027776226e-06
-1.48322960695726700e+16
1.07760760918302533e+62
9.82221375358787144e-08
6.95624981912960688e-113
1.10557981732012569e-86
-1.24519186495437158e-130
1.77288122274339408e+65
-4.59549602867665468e-148
-4.96848523727544995e-121
-5.17796945039733052e-24
8.10740830083775358e-94
1.38996567835345690e+147
5.08170361784567847e+62
8.89870576938424081e-68
3.88745043779255384e+133
-1.48447069713304348e-17
1.55072738135803936e+146
-1.96603739430795613e-85
-1.75206503621616241e+99
-1.38180578828249165e+108
9.90248343913190152e-104
-2.15370822238980566e+02
5.84471895084909967e-05
1.55452029348395929e+43
1.53177977341314112e-79
5.11460675586217259e-108
4.60909425423032544e-43
-3.59528922591946249e-31
-4.61738178561670885e+65
2.14844311629275559e+05
-5.28305650090394251e-71
-1.27856754353677846e-110
-2.17436308058361356e+130
-2.38576602948358655e+130
1.60941419913076648e+126
6.25292120852462132e+54
-3.63083656958867951e+103
-2.26813965338495187e+67
1.76943345661425337e+64
3.30285590500957810e+152
-2.88095489291248790e-88
2.12698008541521580e+67
-9.48192984766882047e-125
6.51157524738974951e+35
-3.66630437214557148e-26
-1.06147155900415354e+95
7.33047673550723952e+140
-7.33261160827235451e+113
2.91098381781344591e-33
-3.82166131757843696e+50
4.93536698204882377e-92
1.07679311654650198e+68
-5.50907945438160866e+51
-2.24047041252340745e+146
-5.37014009729354074e+84
4.87986982256684399e-113
-3.18523761121597742e+150
8.26169789824369821e+37
-4.60829953932688221e-147
1.98689525549075695e-147
1.23958111716649709e+70
