5.99253839099094178e-91
3.59849191219944301e+94
5.17030439687666004e-84
-7.55765455136627429e+45
2.65537620034006976e+17
-4.81775616439440436e-36
2.36166995382585509e-80
-8.52145052462975049e-68
-8.73224763020349201e+05
3.49488034866294107e+84
-7.20914376978188832e+49
-3.68450348625026823e-55
-8.92101806339050177e+20
3.69999962112728145e-71
2.26412345320939381e+56
-1.78607086742909239e-67
3.91120535965932681e+93
6.42265935176477068e-93
-5.32527146356918770e+85
3.15162212670913875e+27
-2.86715433409750096e-47
-8.38025956814849302e-04
3.17980664983986577e-66
9.06320527361785721e-10
8.12364044293465429e-100
6.14124588467747611e-45
-1.92353344466171280e-06
7.04038721196661166e+67
9.81666438253008229e+36
-5.22548878967826777e+87
9.56179287464471071e-45
7.99333106328414947e-41
7.92314155900003978e-17
3.20528350009673538e-18
6.27140555750473913e-59
9.50836934026693110e+05
-6.70341283844197256e+68
7.90700797616144771e-22
-8.76376924458051415e+46
4.79207952284601149e-65
4.14746339885184291e-80
-1.31635569485576902e+40
8.39235511510807448e+69
3.57212032338427221e+84
2.43735667843645269e+36
6.79585608249788694e+85
-6.17642365290194252e-78
9.86375601588652033e-78
-8.40160185841293863e-92
4.13779486205537694e+60
4.60194048813457404e+53
-9.63257452228786279e-12
1.42306778701091595e+10
-9.05955119030018313e+61
4.91957277421336035e+12
9.74115312076706411e-76
4.54115844571903799e+25
2.63790098834573921e+92
7.40669685780571860e+93
-5.13948166158765002e-36
-2.47966108608864423e+38
-1.93937016916708421e-90
-9.74126631493545065e-93
-5.08661127635596823e-93
2.60792274523028946e+09
7.40557364080442977e-64
2.73420301767681550e+79
-4.59458540415083939e-72
2.01008375046147594e+73
-4.95296216951787136e-27
7.77336423154234084e+38
-1.24826661056706153e-51
3.61387662081104036e-60
1.92676332069209566e-22
4.56247515734159855e-48
5.10680518070638601e+74
-4.40903502926560595e-03
-4.81377181014734364e+09
7.16007021939112486e-34
-9.93591336978121474e-31
-6.43854644191240721e-59
6.28499173181050209e-84
3.83648459671830702e+49
-6.49362588729601638e+19
9.70320407477466720e+16
7.46540667933175293e+53
7.77018787773136363e-27
-5.09955712443319840e+60
-9.41323337174605698e-11
5.67640372020324352e-14
-7.03843026160679810e+11
-7.40535326800214779e+69
-2.18505781752950231e-70
-8.84078005487470051e+94
-2.67734504600498698e+23
-6.90171374418954612e+42
-6.18019732222165291e+93
2.27000477795134219e-62
5.97366783768330636e-79
-5.15364265665817356e+02
-8.37999660407685886e-30
7.80180015748008373e-52
-7.23427209153190324e+03
7.40538832486306998e-21
-6.73183029089980834e-96
5.30435437595923490e+54
-8.48944456950896693e+40
-5.28602577996482542e-19
3.95837468313258749e+37
-4.03291479659998577e+35
2.15173123795224486e+74
-7.98286498162406710e-01
3.80911530119264721e-43
-4.00844008695352732e-50
3.18820612485636502e+02
7.15927824827709568e-54
-8.50520427835296591e+25
-9.43264550378485736e+90
9.90370981394119048e+52
2.81051359389546469e+79
6.17980389770686932e-83
-2.18552391279388768e-08
1.93251479513508769e+38
8.83263429196991032e+69
1.82975148723086668e-21
-1.96853738313670494e-60
-4.32540459355999912e-49
-5.28271898095671458e-76
2.46139744526056064e-20
-8.00711471517794194e-83
2.00420632567549135e-58
-1.59534478113001606e-16
3.80579766340882768e+71
-9.43366597216225244e+01
2.11734916141179009e-11
-5.21781399372817579e-87
-3.49787614746705698e-80
-4.05204252885856412e+80
1.68688830561376013e+27
1.94614159660101474e-86
5.43363503445385304e+70
3.82556770647688942e-29
9.55305354769016141e+45
-2.60615356193296509e+21
5.28443909059236480e+76
7.65446014515620364e-29
7.75895006086726952e+06
2.07806793396677145e-34
6.68317246913199207e+51
-8.68984268634140178e+68
9.25430252472254395e-53
7.68852358125967751e-50
2.79131181252859374e+66
-7.00343527847806831e-95
-9.53522428766028626e+83
9.59587828003572651e-39
5.60092618239467345e+89
-3.08599371254280295e-68
-1.64141883541222519e-56
-5.37753504839936452e+81
3.71927741845063959e+91
-4.88371609233063355e+04
2.26221187847608546e+26
-1.02491267557784166e-47
-5.29987693096414609e+33
1.55547922949979931e-31
2.10779068601064334e+79
-3.88842272657882750e-51
7.84614354649633234e-93
-7.10702104736711044e+04
-5.53318744633855217e+26
-6.05203579596262678e-58
7.65527706771344236e-35
4.63358322461181529e+50
-4.28350220638687485e-44
6.37227994904336829e-60
-9.53449939339193420e+10
-5.41408432440699396e-81
-8.82251268135301528e-31
-5.39893932068302081e-63
1.75483719955236520e+74
-9.02078090761505842e+08
-2.46312879137162198e-33
-3.21916208479778420e+93
-7.23422799962077703e+40
-6.11392431110360488e-46
7.39088915411556067e+50
1.73093095026713736e+41
3.76490979298100942e+44
7.05309246405389392e-12
-8.15666238713223635e+51
-7.48498347857449970e+59
-3.92992376966710892e+10
-3.04101514824794652e-64
9.79160805244554564e+60
9.57067745422381627e+97
-3.23905595997520241e+19
9.20941878201162505e+93
5.83453136607066685e+19
-2.33723999143070403e-23
