-3.67982502515706224e+25
-4.10877145001667960e+58
-1.46515952849817525e-13
9.98638120465446511e+137
4.47360834292771337e+81
-3.10798185245547335e+86
2.92690658133173362e+28
-7.60509651952161136e+113
6.00118821289709392e-111
3.22011548692076104e+147
5.42293712008631031e+114
-9.39015357675273937e-91
3.60620272557866947e+86
6.83775397802607900e-125
-3.04411024482268014e+40
4.66145068980182155e-114
-1.52775968327357033e-04
-2.94192414960172015e+79
9.62112042975942501e-32
5.74791790374983976e+23
-4.27278047857324448e+10
1.86965616796303068e-96
6.71773811764338872e-134
-3.29557605144013939e+138
-6.52936111474379358e-96
-1.24027767386227970e+146
-6.79184269472438738e-87
-1.00547594956254187e+104
2.63784981708491188e+14
-2.14443292621446715e-119
6.38129883166743133e-69
-8.24499455684044467e-112
-1.96106911020856145e+108
3.72006863307732018e-84
-6.93700087208260999e-111
3.52826309938512161e+141
4.52883487824018324e+98
1.80960244970506137e-117
-2.00881844400340325e-125
-5.73404071529632963e+44
-5.99006148208440821e-103
1.90432119274890513e+49
1.77309390541280178e-64
7.01686263108996609e-88
9.09695883835951045e+35
-4.80985446419335312e-154
1.46744263360030725e-119
6.52562246402626911e-49
-1.08376356063855101e+111
1.37464686821721970e-97
-2.16988147629683737e-62
-2.76069592508519330e+61
8.66863851124220415e-69
-1.56027349117724259e+69
1.01356669046112307e+117
2.90906218942468183e-117
-5.99183587627877599e+136
-6.35672504016964888e+56
1.25453894296866618e-152
3.72226920680593539e-81
-4.57174811176610852e-51
-6.57435178649083764e-72
6.18812304887966677e+55
-2.53822193122589213e-56
4.84530232593224736e+59
-2.41535328317354739e+86
3.67321118511249734e-11
1.83117451837079612e-06
-3.76839788380196272e+86
-1.67049506327325795e-12
1.34785286861619819e+75
-1.04009726909203248e-99
5.57743131878566373e-35
3.97211049431678343e+75
6.95007982199208348e+73
3.67063872421802082e-94
-5.64393351004154486e-85
3.39410044003391391e+143
-2.85622566045320563e+23
-9.16833312692383174e+02
-1.21632090301657636e+102
1.44784954849445021e-92
5.66933709035814409e-79
-1.14053933047376185e-100
9.57578061327877360e+147
3.02414825971260484e+47
-4.96110781860529567e+79
1.33418094790794799e-129
-1.55489432691648873e-78
5.43588418186686798e-68
-1.87455250965557391e-93
-2.10587798798804118e-103
9.42897067046806815e+32
-8.40568179739735147e+64
-2.48067831092743719e-110
-8.11162122522219950e+37
-2.88651641760156291e+125
-7.11295007833393079e+76
-4.15191521165602271e-44
-1.63531110418667471e-115
8.40018840558086817e+25
2.13552213214986304e-80
1.11389627447838307e-36
-5.34807477472674407e+141
-1.19875410232378098e+114
5.07164078938056121e+26
-2.30085167787794294e+128
1.92181743798545537e-146
-7.41929458270230225e-122
-2.47892225592542968e-30
-7.54496056202934478e-81
-6.74165177130873511e-14
-9.08059766588371810e-61
-1.84089381860020333e+31
-1.43434016158489295e-97
1.18663834265524665e-32
5.62031442476638526e-31
-5.21518274780541935e-80
-1.65318106836754739e-67
-2.63906462887695014e-22
-2.12865337041808520e-119
8.25587680150061601e+50
5.30472556575277889e-135
1.66131929524011498e+49
-3.73382472445962055e-28
-5.05127682252440878e-43
3.86220809658667459e+72
-8.86274711130135673e+131
2.92271547773994568e+24
1.92329818105509429e+89
-6.66850095545917793e+41
1.31706995333747243e-49
1.28090890113942016e-106
-1.12154018563985307e+136
7.85364987832234744e-11
-1.17360712994935950e-122
-1.25755494109654302e-32
-2.21543871873832245e-28
8.57870290342792320e-82
-1.05486145386014090e+106
-2.90703567453170779e-18
-2.04875067690756868e+39
-1.66601901861439126e-148
5.03633536913852690e-57
-3.21040238459960320e-27
-5.95124927251176798e-16
1.38658677925685307e+49
5.33221748786393174e-135
9.60133620481126525e+138
-4.16387847277644500e+34
-1.30028869232203188e+53
-1.81190024407303283e+103
-2.53272710662218994e-27
8.30954404357112360e+89
-7.18852460161019681e-130
7.51941890281527878e-118
4.55711181658552967e-07
6.16125421300720307e-91
-1.17926087459343763e-126
1.91143938161180461e+41
-4.56148915986317248e-50
1.10433317527697957e-26
1.17032519985073601e+139
2.04783252485209872e+133
-7.50882242365142958e-134
1.12295335727741114e+108
1.36850453702375859e+98
-1.75384871154825561e-134
-2.31546145450886995e-26
-7.66719908547650079e+107
-1.17017661155981090e-05
1.94361306281688177e+74
3.01491900507541340e-133
3.82209770550169250e+11
-7.33370134820720480e+30
-2.62467835849305429e-123
2.36214438591001731e-24
-1.38459474619150599e+135
1.72983164990573916e-146
-3.53707654615057654e+57
1.12196775570466846e+140
-3.81842971285936197e-13
7.03708057054794994e+52
-1.00537826408187075e-12
4.39795758642003234e+125
2.35695735121903407e+64
1.42604332815444543e+143
2.92692879249211604e-88
1.13123538993909467e-31
8.36855661568452749e+109
6.96122356775138755e-98
-1.72160139968248475e+133
1.57010861097141104e+135
5.54227263757311365e+90
1.14413705614629850e-79
-1.57740456734665509e-137
-7.34747487235662968e-91
-7.04546254227899704e-74
-2.67548748940191016e+63
8.48997467962090470e+68
