5.58789121342665338e+73
-4.08744255464193550e+97
5.61098952137648477e-139
-2.03682441732545336e-103
9.27079389197885277e-73
2.19447968436572203e-103
-2.39003324737745007e+32
5.76807057793189587e+72
1.67608664623014881e-137
1.25610437358319508e+110
1.87451079753779654e-111
6.98782105383053289e-132
-3.23086516806563680e+96
-8.55288902245462216e+121
-9.75147223899964928e-31
-6.02503898121536912e+71
4.36659660760492800e-10
2.14463699111678159e+120
-7.29254447153397325e-05
-5.91716614136086481e-103
2.52590075181866840e-20
-5.19565498521130540e-40
3.52242824133390857e+119
1.47437432701029199e+76
7.38719013075408384e+03
3.24532522033751601e+146
4.54758871220636463e-40
1.31571470182352946e-97
-2.17051491144211520e+52
4.19118022194881605e-139
2.15257440397366570e+29
1.99722735005818866e+07
-1.66368410633142924e-29
-1.24349979613493194e+132
6.16576912001854507e+04
2.64339718869486868e-138
2.60539658336968607e-83
-1.20012652609742653e-64
-9.57114474007710789e+28
-5.57170036724572397e+117
-2.01769923228672612e-110
-7.62346835313349102e-132
3.26674572695757750e+14
1.75486416416256108e+149
-1.67226090453631550e+34
-2.84591829744450048e+43
4.50036205239963910e+137
-2.30753148861114983e+95
-4.58665683959805649e+88
2.18641248103835666e-12
8.65886855397480825e-09
1.88167042663478136e-60
-7.01095481519268034e-50
-2.67759163540536774e-67
-5.60892832502328598e-122
-5.44610517831527944e+44
1.17950792907031855e+123
-5.52489464082316432e-153
5.04187970494666041e-153
4.66600965401610355e-123
-5.29087519522535703e+118
1.16192565398448958e+117
1.88513354372076269e-148
2.28894581486422074e-146
-2.60453155855783506e+38
-1.32604743279820487e-65
5.97310828651361603e+37
-4.91525136261219741e+05
-9.17065972585531402e+104
1.23915157342096615e+98
-6.14337333757502465e-27
3.28825769751320585e-100
1.21174129372835958e+86
7.36384528493275586e-47
-5.82831675955332984e+78
-1.77737626458185239e+123
2.22722359088533412e-104
-2.31984269849411898e+128
-3.03283973110880950e+73
-9.21840536458671166e+120
6.18975447252559136e-99
5.31614693512981641e+05
5.26275875349359648e+89
-1.26581383109686763e+95
-2.23543197609733151e-145
5.30241867766154909e-58
2.91145253751634203e+95
-6.09866834560666271e-130
-7.62525968947220361e+05
-1.96419738857215974e-98
-1.14734653303105445e+123
3.07229192193309713e+22
-1.33393874081855608e+144
-6.59504230457021889e-96
-4.73862085673925551e+67
-2.45136027409297614e-147
8.19901077882533414e+80
2.73917193347775126e-23
1.45962859408439132e-123
-2.93635193485641678e-73
-1.18812921792906410e+141
-7.32302137062631078e-124
-7.31842142581707669e-136
1.24142948364281367e-67
1.34666085533793628e-52
-1.03240552214009748e+113
-1.73843511116243015e+115
1.10832419514421280e+89
-3.77852836214664998e-92
-2.03040024748135947e-60
-1.43141256793467076e-50
8.30485785055510072e+22
2.58293160066275124e+22
2.39132798175763459e+27
1.73055870186632739e+81
-8.33271627324459637e-137
2.72517668872483694e+32
-7.99836528909244300e+15
-4.58125794659073716e-54
4.70508656284066699e+142
-4.89427513425944943e-43
2.25444898970556757e-80
-2.52552100805230076e+126
-7.54406840815966685e+114
-1.11445628791951458e+06
8.34232144281570361e+77
-1.83769835246969487e+109
-9.93194508731203366e-104
-1.28354843153991331e-25
6.10651862545756310e-45
-1.25413115134592687e+123
2.53131294555054692e-06
5.73575612271542969e-118
1.98255453901581231e+114
1.02385902190827221e-119
-5.84053876208301759e+00
-1.09572345733347713e-112
-6.76134727689558126e+119
8.68729327420172256e-91
3.99368344857178487e-47
-6.51489379340118657e+62
4.98052413704299172e-26
-1.28665783855026792e+54
4.59433585390775696e+11
8.23354205359494997e+24
1.48994455655983472e+26
-1.21092922093455722e+48
1.28077590750286241e+01
3.72706357847549506e-52
4.22801186809041371e-47
-4.14454212315780046e-56
7.54221647099570160e-87
5.73142171850480797e+57
-1.04081916168297244e+139
-5.21261830409180550e+105
-3.19672085964753561e+101
1.21735397449856536e+139
2.61767704054777917e+129
-5.17541962656811093e-107
5.52611255302322048e+150
-1.64639265532942018e-07
4.15135419865609381e+65
2.13592665065998790e+03
6.72261386216784266e+54
2.14740112201769010e+104
9.97395350665984079e-48
-8.45165240539036097e+21
1.10651497237827568e+77
-2.45862823670352557e-36
-2.63955890891253876e+11
-4.21762713656690040e+113
-8.04924028782106399e-70
1.52298824614636767e-38
5.24786875678138966e-88
-7.39080790649974754e+22
-5.30604933656997843e-130
7.38272629227559376e+63
2.44498354310935639e+109
-4.38478905468055940e-133
-4.35251334860840256e-06
-4.67480029545339263e+65
2.72079431626714245e+23
1.96322593477328893e+56
-7.90547704410715648e+64
3.12462812808941265e-103
-3.65249858375027250e+88
1.38936673627258624e+66
-6.15804499611747134e+78
-2.43203630390658053e+42
-2.38760174787537160e-35
-6.52900386362582387e-03
-2.17892931456759372e-08
-1.18269347929827050e-99
-3.79523667179800057e-62
3.80843755381579054e-64
-1.67019243005758180e-62
-5.80633404087355691e-139
1.52245842773970287e-81
5.29190827544383838e+138
-4.15132855562786541e-23
