-4.41609076824197017e-86
-4.14618080808810043e-38
-8.37768164689910524e+68
-9.86119651237256806e+39
9.84885491597071755e+32
-6.54923322397722626e+09
-8.96380709884500997e+50
-7.56507705551082172e+76
-3.88129426569328376e+64
-4.12944031161963745e-51
5.38538103115213250e-86
3.99872697987840217e-10
7.64100035206627167e-84
-5.12899871174213260e-06
-6.27708573359559755e-25
2.61725849438042443e-15
-7.77489846048400489e+39
-4.98403093469454420e-42
-2.77293121452871988e+95
8.99299791728945237e+43
3.37665433099808423e+80
-1.41852045072130419e+75
-7.75339662304198440e-50
8.75759028809144385e+74
2.77613013664669048e+93
-5.60989979007173557e+57
-6.28985866054389041e+83
-9.10334344974617120e+16
-2.32005666397125676e-25
-2.21159124674236909e+77
8.36263987051099968e+09
5.06987062481936318e-49
-5.27991082655255397e+78
9.04294602146451825e-41
8.45404149524238894e+37
1.47116519832773818e-65
8.02631083566382474e+63
-4.82638404830378723e+97
7.70921989395232923e+82
-8.18592771688499360e+55
-7.66961760408523008e+17
2.59975396983737714e+28
-6.33851057646301279e+82
6.43891966082373479e-17
1.38000776709163944e-22
4.84279614699947907e-61
-3.08822964893371773e+10
-4.09387266771856062e+01
9.84014139506743399e-35
1.64002366759594227e+54
-6.79939942178371662e+59
1.36763948180315191e+23
8.01333937246025012e-22
-3.18297464256667342e-30
-4.00614283108989966e+77
5.36758043923939603e-43
8.55380740858106232e+32
-2.12271575799758301e+10
9.41231669418747656e+13
3.08346974905133631e+34
-9.09032421435112581e+62
-8.27710502376630966e-48
-1.16160344218205582e+60
1.92194579875797851e-23
-4.84284971050299957e+46
7.74381219962603904e-98
-9.65048421749493557e-31
-7.82345506605926796e-49
-2.62476526721725705e+27
1.74213363687953522e+74
-2.34400981668260551e+87
6.51986531973041259e+73
7.38366598119017428e-17
-1.70644654742975916e-04
-8.46940007406164321e-30
5.47848820207169288e-39
-9.94911205793060695e-46
-4.74069408123819115e-58
-7.51535535139357078e+97
-9.45042222696126022e+48
2.55861187081097620e-73
2.43722751196395991e-88
-9.61342540972189454e+23
5.72265761107525289e-61
4.92547887947598990e-43
2.53183371605755698e+100
2.79813444552887231e+88
3.15713007948033558e+06
2.12212213475793939e-98
7.38815341499301625e+14
3.28926900117911259e+06
3.81505475027596194e-93
-1.89559931136539540e-57
-8.44652248176787112e+74
1.73889672768732282e+88
-9.01909005862977778e-65
6.47024059608705766e-27
6.04366684084223166e-45
-9.01233483761696539e-89
-2.86082475733717111e-86
9.41887144022414555e-06
-8.17390996290209801e+96
-3.28259454131420252e-87
-6.37892405266215695e-91
-7.65951787117871415e-58
4.93973448862022947e-46
-3.73393943730715525e-96
4.26467964856649003e+26
-8.93934858324340838e+18
-4.51683118201415140e+97
7.88502868931279114e-11
-5.78753414290287453e-38
8.30927819695757494e-53
-5.75486959467032716e-38
-3.91112274136597891e+13
-8.43671902086436160e-55
8.28786330161394559e-35
9.49269663664150045e-16
-5.31937510885440178e+47
-9.05678596181676692e+86
-3.70032590551649166e-56
6.03759336701819948e-78
-2.41220744736510967e-60
-6.86560597407039469e-82
2.45038087927802165e+66
6.69655934681906357e+10
7.05050293881956475e+94
9.73527670203030010e+83
9.19506849362891294e+73
-4.26418628192351431e-51
-3.19685791555462923e-32
4.31909246228015494e+100
1.65209070278650922e+80
-3.88981975991579239e+22
-7.37180995552598919e-29
8.65024266520242603e+66
-6.28073109593084755e+65
9.94676083025076930e-72
1.93420435918631892e+03
-8.28391241880463645e+54
-9.87441314980236267e-19
7.71173511621100722e+30
-4.74891001990948231e+100
1.14799750213804599e-34
-9.18066339828064816e+27
8.82154881361588034e+27
9.75903916630590975e-75
9.25170189846001893e+61
-1.66845331453791255e-11
4.19438148406675574e-33
-7.25129096053893543e+46
4.01227920231151257e-82
-2.28469804444565568e+17
1.83273755097713515e+87
-7.21366746065339716e-43
-4.85272805114200190e-99
7.83507248089311987e+62
-6.42198056403051315e+19
-2.59097910192254048e-04
-3.36520585697031496e+30
-7.76305878358079861e+70
1.56134067020548945e-87
9.84251781327381560e-07
7.25525598381687720e+32
5.64040287757212752e-84
9.36677786697463373e+50
8.69929503303964317e+36
-9.76110908562778895e+59
9.86096883909854481e+59
8.07694430710000977e-17
4.69496318729843422e+78
-6.63278874431054511e+100
-7.67640517472626457e-03
4.56720881960770469e+13
3.33589630368443618e+36
-3.93568862461212120e+03
-8.38839025692907861e-87
-8.82501606724864458e-11
7.54830890161777046e+49
9.45142430175932976e+78
6.92750928359389380e+74
-2.89728756498903395e-31
-3.32554787445996952e+58
9.80173716103786802e+97
7.06115051142961750e-51
-4.34717984369174682e+45
1.66714867174277077e-16
-5.21786203000379735e+28
-3.35511668914135801e-19
-3.69468253251155521e+24
8.74387912138382346e-07
3.13058984641939756e+28
-5.59036071545241985e-83
9.84716675757519852e+02
2.92847903749538419e-59
9.49712736945631901e+49
-1.67806722782988232e+21
1.84921143988270783e-65
-5.74227783969069554e-19
9.51852115253300657e-06
