-3.76840265370458349e+108
8.14350013581205795e+87
-1.17419059472599336e+13
1.92795058481998986e-54
-1.89866397479624868e+32
5.34204114200441106e+131
-7.02770761812447579e+153
-3.84801451647469224e-88
-1.04627280152495096e+20
-2.13140463166928854e-92
6.11768602797309229e-22
1.79757541590344702e+71
4.49145139020139994e+55
1.10110787153661220e+113
-1.54190119524874408e+54
-3.20726551710195464e+34
-4.81912030646492390e-108
5.37579937880835679e+112
-1.25556540326143833e-31
4.10060300597852998e+37
2.83140013246653679e-75
1.72474250617647056e-03
-1.40342304685386737e+28
2.72902159920477715e+118
-9.41767112661627412e-31
-3.12488758278943769e-34
-2.16599943851548683e-101
7.04964223388120780e-22
2.58686417039103568e-46
1.13285483212449607e+53
-1.04941169514289390e+122
7.91946966038640925e-144
1.57407206863987208e+92
1.17450062500337143e-38
-1.65496962785138710e-18
-3.22556253635905532e-144
-1.34504778822061021e+23
-3.67541467376513440e+31
3.14119596861872287e-90
3.41400534375416397e-71
1.48822706809974794e+115
-5.32981801397797432e-12
9.81062641488974674e-127
-5.83088482570431620e-67
1.05719695579590529e-117
-7.84663713032693000e-01
1.05422551277962363e+110
-4.64296091367989674e+126
4.50769302304560421e+115
1.07047400413979465e-80
-9.18679642070120572e+29
7.96373909011990889e+126
-4.85940797223204945e+122
2.70278208657042788e+113
1.47738732385931389e+127
-5.10238613853823771e-95
-3.36785655960374733e+116
1.07466480379734964e-144
2.10172920788836755e-50
-4.69564517109925370e+131
1.27515518440920331e+02
-1.12163507587575191e-26
-9.02184594414098850e-12
1.90793293003378985e-12
-1.92836126788616254e-94
7.66912433465151677e+94
4.59482596341589443e-94
-2.66902450628580129e-135
-7.90868376349299947e+76
-4.04098010540514793e-44
-2.80589362586069051e-100
1.12265649539855993e+138
3.94497671744704398e+123
1.78073104164233289e+55
-7.41203876597102792e+87
3.38018607123829438e+46
2.40602334754400732e-36
-3.55792127340288974e+87
-8.75764726758653724e-98
-6.64151427109864096e-33
6.56680133887794519e-64
-8.04297994733098895e+94
3.15078950428648614e-12
1.23618348702781412e-39
-5.75892192108693644e-30
-1.01299993963396776e-17
8.32174493033303422e+48
9.39890371328847313e-144
6.47352228102250795e+122
-9.15244853389626592e-91
1.23276101215367444e-14
2.21989862699211561e-76
-6.17741783874101645e-92
1.90136208637194056e+85
-8.07552068688314051e+55
-2.80232356873897895e+152
5.08493489053439759e+89
-3.96803769034330899e+75
-1.21234200919611817e+57
2.10391268721193494e+06
-1.16139789350963871e-32
2.49096622130661475e-152
-3.43186205692447236e-134
-2.23873931349356796e-36
2.43720241859625233e+30
-1.39158883448820331e-74
-3.42046835964885988e+58
-1.81633283725995687e-48
1.70872758153467498e-114
-8.76443162261200729e-127
1.65775549301721168e-109
-2.88024013146992807e-11
2.00527984948925648e-58
-5.24724565186931935e+76
6.69600736262801239e-42
5.86684728214221140e-10
-1.30218501474967008e+58
-2.92204418656442412e-71
1.10604433431525067e-71
3.56924261354511986e-69
7.03665980237293944e-57
-1.29850302460966388e-117
-1.41098277635344677e+74
6.26134681986457849e-25
9.76991150645047109e+128
-2.07881858200326137e-36
1.10299602201644325e+67
1.38327909269262526e-67
-1.75311115724378632e-27
7.77540691486415443e+108
-4.42505839554701334e-116
6.42558316176133297e+70
1.19911261921690391e+85
-6.87790342804153955e+99
2.20648673461807828e-54
9.54528467521881660e-76
-1.07134907267062073e-52
-3.25860167889330241e-35
-1.00908086968436267e+06
5.21889968898088070e-95
1.86702144470819660e-74
6.88984422990509887e+106
-1.99721027003416039e-75
4.68985521630100446e-119
-7.08958765546303478e-43
7.28433797066034831e-73
-3.68568888021029639e+12
-5.59206894450236315e-49
-2.64883605285032291e+46
-1.73942722222572522e-64
7.93513473114229946e-47
-2.93901934812878129e+51
7.46409912989282943e-87
-6.70922539081290781e-82
3.96315350648551724e-138
-3.65970643420059304e+153
5.08083584035948005e-06
-2.65072388688274102e+36
4.78645758283955783e+104
-2.42853450864399527e-88
4.71452569567904291e+143
-1.69035862208583719e+143
4.43183608527688366e+36
-1.33845871337021225e+69
1.12472308298671318e-76
-2.26187507105256922e-97
2.47128881430788634e+84
2.30225949102867832e-136
3.32524364025620278e+130
5.11289588005372868e+129
-1.91493328303396246e-119
3.00102066130707441e-135
3.84372016401699149e-80
1.05602449592354428e+104
-8.88171428979671697e+123
8.67831175260195136e-100
3.66703047010630833e+147
-1.14706342923845782e+86
-1.26512500247919472e-48
3.11402301327248228e+131
1.35150144958827844e-90
8.03753336877605399e-99
-3.12394320662447132e-06
1.69946286960890328e-04
8.86784264580903744e-103
3.83929288877830521e+77
1.15577308364833061e-58
1.22879163964700853e-34
-1.25983758923922038e-49
-3.63952930170784029e-119
4.88035067176199088e+92
3.72445910476438816e-91
8.94870477422633771e+51
3.01167735084105918e+96
-1.23711274774504771e-40
1.72937029784062807e+87
4.85830746105501319e+60
5.87653582351936650e+59
4.55085595019686325e-68
2.88365305624193784e+69
