0.00000000000000000e+00 0.00000000000000000e+00
3.84294391935391111e-02 -2.47356083411077405e-19
1.52240934977426495e-01 9.51056329929503580e-19
3.37060775394909473e-01 -5.31201321029720150e-18
5.85786437626904855e-01 1.01465363575695263e-17
8.88859533960795534e-01 1.00087929085056140e-18
1.23463313526982033e+00 -5.52074614543330959e-18
1.60981935596774361e+00 -3.14197742524247385e-17
2.00000000000000000e+00 0.00000000000000000e+00
2.39018064403225683e+00 4.36718053509292584e-17
2.76536686473018012e+00 8.97053346086998304e-18
3.11114046603920480e+00 -1.92604881556440436e-17
3.41421356237309448e+00 -5.61334797634313643e-17
3.66293922460508981e+00 2.17929371827762208e-17
3.84775906502257348e+00 1.06242121870929122e-16
3.96157056080646131e+00 7.49288716724137380e-17
4.00000000000000000e+00 0.00000000000000000e+00
3.96157056080646086e+00 1.04778405348917606e-16
3.84775906502257392e+00 1.39275523730008474e-17
3.66293922460508981e+00 -2.17929371827762208e-17
3.41421356237309537e+00 -6.83580865766192197e-17
3.11114046603920391e+00 -2.37579221278148282e-19
2.76536686473018012e+00 -3.80553377364918441e-17
2.39018064403225683e+00 2.69973637469607174e-17
1.99999999999999978e+00 0.00000000000000000e+00
1.60981935596774317e+00 9.63678816238035276e-18
1.23463313526982033e+00 5.52074614543330959e-18
8.88859533960795201e-01 -1.21476311237379239e-18
5.85786437626904966e-01 1.28469353453614050e-17
3.37060775394909695e-01 6.79764716133780934e-18
1.52240934977426468e-01 9.75114282333739775e-19
3.84294391935390209e-02 5.84634372805449751e-19
3.84294391935391111e-02 -2.47356083411077405e-19
7.68588783870782083e-02 1.32884464147735737e-18
1.90670374170965634e-01 4.34275693079750904e-18
3.75490214588448612e-01 2.27039052586462814e-18
6.24215876820443882e-01 4.29759683662963757e-19
9.27288973154334673e-01 -2.36061157162037589e-19
1.27306257446335969e+00 -6.49095322208499714e-18
1.64824879516128253e+00 1.81481614892900050e-17
2.03842943919353914e+00 -1.03876602382793901e-17
2.42861008322579552e+00 -3.33749148698275074e-17
2.80379630392371926e+00 2.75924732508770414e-19
3.14956990523274394e+00 5.54074346391195950e-17
3.45264300156663362e+00 8.37145530511849560e-17
3.70136866379862939e+00 2.21955649535853465e-17
3.88618850421611262e+00 7.93183962900608396e-17
4.00000000000000000e+00 -9.80942553887660177e-18
4.03842943919353914e+00 8.44109985522582511e-19
3.99999999999999956e+00 2.08081636250516652e-17
3.88618850421611306e+00 3.06151912159322609e-17
3.70136866379862939e+00 -7.17359898657690705e-17
3.45264300156663406e+00 5.13215924475699479e-17
3.14956990523274305e+00 5.74817138893901184e-18
2.80379630392371881e+00 -2.37917811108354087e-17
2.42861008322579597e+00 8.58517104750372879e-17
2.03842943919353869e+00 1.08823724051015449e-17
1.64824879516128231e+00 7.24403227833356430e-18
1.27306257446335946e+00 2.75924732508776818e-19
9.27288973154334339e-01 -1.00631448892085638e-17
6.24215876820444104e-01 -1.88225817547723168e-17
3.75490214588448834e-01 -1.73445362994315882e-18
1.90670374170965551e-01 -1.00630801671525667e-18
7.68588783870781389e-02 8.65184741155839803e-20
1.52240934977426495e-01 9.51056329929503580e-19
1.90670374170965606e-01 6.39218451171981337e-18
3.04481869954852935e-01 -3.79471139087848885e-18
4.89301710372335941e-01 7.32573984899910820e-18
7.38027372604331378e-01 -1.04201119515589600e-18
1.04110046893822217e+00 3.31954306130377121e-18
1.38687407024724685e+00 -2.58258152907024917e-17
1.76206029094517036e+00 -9.20543052078904873e-20
2.15224093497742652e+00 2.09903104661007982e-17
2.54242157900968291e+00 -1.15608810390284186e-17
2.91760779970760664e+00 3.29733299149106532e-17
3.26338140101663088e+00 3.30498772034203343e-17
3.56645449735052145e+00 -1.03034903672392862e-16
3.81518015958251633e+00 1.06563565390884670e-16
4.00000000000000000e+00 -3.59554385939826444e-17
4.11381149578388783e+00 3.22440264923648023e-18
4.15224093497742608e+00 8.74910454736324099e-17
4.11381149578388694e+00 -2.40537837750490952e-17
4.00000000000000000e+00 3.28898705848746040e-17
3.81518015958251677e+00 -1.58026843529687446e-17
3.56645449735052145e+00 -1.04201119515589196e-18
3.26338140101663043e+00 -1.68385639007463943e-17
2.91760779970760620e+00 -6.83122110661331541e-17
2.54242157900968291e+00 -9.15882424401443615e-17
2.15224093497742608e+00 5.68449695535852853e-18
1.76206029094516969e+00 2.94578604933929843e-18
1.38687407024724707e+00 1.32412275054255955e-17
1.04110046893822172e+00 -1.62917388096227205e-17
7.38027372604331378e-01 -1.91770428300287610e-17
4.89301710372336163e-01 -8.01848742594033313e-18
3.04481869954852935e-01 -2.13258087996818398e-18
1.90670374170965440e-01 -2.41182560151356374e-18
3.37060775394909473e-01 -5.31201321029720150e-18
3.75490214588448779e-01 6.39300140681072712e-18
4.89301710372336052e-01 -5.90194600748033352e-18
6.74121550789818946e-01 -2.81608412413549726e-18
9.22847213021814272e-01 5.03917892825661623e-18
1.22592030935570517e+00 1.30147044623032346e-17
1.57169391066472985e+00 1.50712332862950033e-17
1.94688013136265314e+00 -4.95622363521502666e-17
2.33706077539490975e+00 -1.70551233801416307e-17
2.72724141942716569e+00 4.77770247928182089e-18
3.10242764012508943e+00 4.00643170699050629e-17
3.44820124143411366e+00 1.85958491339965882e-18
3.75127433776800379e+00 -2.70904651607048479e-17
3.99999999999999956e+00 2.87540872034230366e-18
4.18481984041748323e+00 4.68325001457338488e-18
4.29863133620137017e+00 -7.18606942771853611e-17
4.33706077539490931e+00 -1.02889822345318614e-16
4.29863133620137017e+00 3.56395018536972444e-17
4.18481984041748323e+00 -4.91833962019993644e-17
3.99999999999999867e+00 2.25983406886097526e-17
3.75127433776800423e+00 3.05656945267072660e-17
3.44820124143411366e+00 6.55421010956674915e-17
3.10242764012508943e+00 -2.97957242059854336e-17
2.72724141942716614e+00 -5.71806391941708766e-17
2.33706077539490886e+00 -5.23336888214047367e-18
1.94688013136265270e+00 3.44510754597018407e-18
1.57169391066473008e+00 -3.65665161066830854e-18
1.22592030935570473e+00 -1.02711241778401906e-17
9.22847213021814383e-01 -2.40392892334348892e-17
6.74121550789819057e-01 1.33302491578861369e-18
4.89301710372336052e-01 4.68325001457340722e-18
3.75490214588448556e-01 5.12296625410743881e-18
5.85786437626904855e-01 1.01465363575695263e-17
6.24215876820444104e-01 2.44580675066566484e-18
7.38027372604331378e-01 1.24483175019767978e-18
9.22847213021814494e-01 -3.14871125800642391e-18
1.17157287525380993e+00 7.27870961722383574e-19
1.47464597158770072e+00 2.30927164785293070e-17
1.82041957289672540e+00 -3.57681897591904395e-17
2.19560579359464914e+00 2.80308221636586723e-17
2.58578643762690508e+00 -1.01465363575695263e-17
2.97596708165916191e+00 4.88473544950770080e-17
3.35115330235708520e+00 -6.88121821103800502e-17
3.69692690366610943e+00 -2.99759298261364140e-17
4.00000000000000000e+00 5.55111512312578147e-17
4.24872566223199577e+00 2.08099336067820244e-17
4.43354550264947900e+00 5.82884681045791633e-17
4.54735699843336683e+00 1.27315749975493782e-17
4.58578643762690596e+00 1.80803399901155214e-16
4.54735699843336594e+00 6.49375886870534395e-17
4.43354550264947900e+00 -5.48867246998155865e-17
4.24872566223199488e+00 -2.53096955208849955e-17
4.00000000000000000e+00 9.54913336600745589e-17
3.69692690366610943e+00 6.55843833182597519e-17
3.35115330235708520e+00 -7.02687702359647943e-17
2.97596708165916235e+00 3.06872352821856201e-18
2.58578643762690508e+00 -1.01465363575695263e-17
2.19560579359464825e+00 2.24392041332227568e-17
1.82041957289672540e+00 -8.95839293824570536e-18
1.47464597158770028e+00 6.25362893373036694e-18
1.17157287525381015e+00 -2.29934717029309313e-17
9.22847213021814827e-01 -6.75595266903068928e-18
7.38027372604331600e-01 2.58432878274774250e-17
6.24215876820444104e-01 2.00066481266169585e-17
8.88859533960795534e-01 1.00087929085056140e-18
9.27288973154334673e-01 -1.24565104293043936e-18
1.04110046893822195e+00 8.74869445627513705e-18
1.22592030935570517e+00 3.65938862376730962e-18
1.47464597158770072e+00 2.90771227080129538e-18
1.77771906792159129e+00 -2.62225573240837279e-17
2.12349266923061641e+00 1.19675538233924108e-17
2.49867888992853926e+00 1.38176430154024646e-18
2.88885953396079564e+00 2.65970513667779806e-17
3.27904017799305247e+00 2.79982430378112788e-17
3.65422639869097576e+00 1.60493627974139358e-17
4.00000000000000000e+00 4.18717777530090935e-19
4.30307309633389057e+00 6.77907885874966938e-17
4.55179875856588634e+00 1.81715827896138136e-17
4.73661859898336957e+00 -3.95974033881552014e-17
4.85043009476725739e+00 -3.93752777757379583e-17
4.88885953396079564e+00 -2.17344031358834516e-17
4.85043009476725651e+00 -1.07682746891039273e-16
4.73661859898336957e+00 8.74869445627514167e-18
4.55179875856588545e+00 4.26193693492959712e-17
4.30307309633389057e+00 9.94601306206748917e-17
4.00000000000000000e+00 8.97777151568516974e-17
3.65422639869097532e+00 -1.35729783446978586e-17
3.27904017799305247e+00 1.13787561258063506e-17
2.88885953396079564e+00 1.43712448239216336e-17
2.49867888992853882e+00 -8.63590887152979136e-18
2.12349266923061597e+00 -4.15729325296013695e-17
1.77771906792159085e+00 1.89126576994994326e-17
1.47464597158770072e+00 1.95303264936163174e-17
1.22592030935570540e+00 7.02867168203513995e-18
1.04110046893822217e+00 1.54251486746125663e-17
9.27288973154334784e-01 -1.48472924860493594e-17
1.23463313526982033e+00 -5.52074614543330959e-18
1.27306257446335969e+00 -6.68145943699889489e-18
1.38687407024724685e+00 -2.65819031213088779e-17
1.57169391066472985e+00 1.63659798236412372e-17
1.82041957289672540e+00 -3.57681897591904395e-17
2.12349266923061641e+00 1.19675538233924108e-17
2.46926627053964109e+00 7.08697301375215227e-18
2.84445249123756394e+00 6.08629645056938162e-18
3.23463313526982033e+00 -1.45761378243859767e-17
3.62481377930207715e+00 1.07903142985090553e-19
4.00000000000000000e+00 -5.16337675568450209e-17
4.34577360130902512e+00 1.48650379568506510e-17
4.64884669764291480e+00 5.14447887136762937e-17
4.89757235987491057e+00 -3.04061404048741722e-17
5.08239220029239469e+00 -9.02447752840885002e-17
5.19620369607628252e+00 -1.07136534170293439e-16
5.23463313526982077e+00 9.79213821285096168e-17
5.19620369607628163e+00 -3.58996380699865835e-18
5.08239220029239291e+00 -3.48189250067314369e-17
4.89757235987491057e+00 1.26318048691753080e-16
4.64884669764291569e+00 -5.15553981809333038e-17
4.34577360130902512e+00 7.98177754910797329e-17
4.00000000000000000e+00 -2.91404119800528321e-17
3.62481377930207715e+00 -2.58861939330365437e-18
3.23463313526982033e+00 5.96529563255632390e-17
2.84445249123756350e+00 1.07903142985090553e-19
2.46926627053964109e+00 -3.40353262103106431e-17
2.12349266923061553e+00 -2.80745300614648096e-17
1.82041957289672540e+00 5.14447887136763369e-17
1.57169391066473030e+00 1.05128018665110659e-18
1.38687407024724707e+00 3.52689037206632564e-18
1.27306257446335969e+00 -3.65368702703329665e-19
1.60981935596774361e+00 -3.14197742524247385e-17
1.64824879516128253e+00 1.80774575498348712e-17
1.76206029094516992e+00 -2.00122330743546761e-17
1.94688013136265314e+00 -2.46495988471436865e-17
2.19560579359464825e+00 -3.32832736599182207e-17
2.49867888992853882e+00 -4.33021732585636538e-18
2.84445249123756394e+00 4.82034505817147681e-18
3.21963871193548679e+00 8.24914301294958556e-18
3.60981935596774361e+00 7.27573932374092021e-17
4.00000000000000000e+00 -1.06755777640905723e-16
4.37518622069792329e+00 3.43730598456099326e-17
4.72095982200694841e+00 5.33392388394367688e-17
5.02403291834083898e+00 1.31863164722949347e-17
5.27275858057283298e+00 -9.75209264161629355e-17
5.45757842099031709e+00 2.61415108468290088e-17
5.57138991677420492e+00 -3.36827514627828635e-17
5.60981935596774406e+00 -2.39285209510761447e-17
5.57138991677420403e+00 2.00470124985148667e-17
5.45757842099031709e+00 6.56584430698117597e-17
5.27275858057283386e+00 -1.42604653261324276e-17
5.02403291834083898e+00 7.35167457969698568e-17
4.72095982200694753e+00 1.44317844032670004e-17
4.37518622069792329e+00 4.82034505817147527e-18
3.99999999999999956e+00 3.08110272290032188e-17
3.60981935596774361e+00 -1.68083447515088624e-17
3.21963871193548679e+00 -1.95261143275792076e-17
2.84445249123756394e+00 1.28618311818206295e-17
2.49867888992853837e+00 4.18756279095337744e-17
2.19560579359464869e+00 2.08180093623125123e-17
1.94688013136265292e+00 1.57270314361152971e-17
1.76206029094516969e+00 -1.56862779847695036e-18
1.64824879516128253e+00 5.78531522074968495e-18
2.00000000000000000e+00 0.00000000000000000e+00
2.03842943919353914e+00 -1.12537298106021939e-17
2.15224093497742652e+00 -1.97627295885457885e-17
2.33706077539490975e+00 -9.74482098847425039e-18
2.58578643762690508e+00 6.11230340659392770e-18
2.88885953396079564e+00 3.00246614855841922e-17
3.23463313526982033e+00 -1.95604959479378508e-17
3.60981935596774361e+00 7.27573932374092021e-17
4.00000000000000000e+00 1.11022302462515629e-16
4.39018064403225683e+00 7.31634433538688726e-18
4.76536686473018101e+00 -1.96551410351487973e-18
5.11114046603920436e+00 1.92926655262254956e-17
5.41421356237309404e+00 2.36158002351044563e-17
5.66293922460509069e+00 -2.43086749226905826e-17
5.84775906502257392e+00 -8.61452379011098357e-17
5.96157056080646086e+00 -1.27268445736213836e-17
6.00000000000000000e+00 0.00000000000000000e+00
5.96157056080646086e+00 -1.04829089694683082e-16
5.84775906502257392e+00 -2.78659946134922042e-17
5.66293922460509069e+00 6.73610298400476894e-18
5.41421356237309581e+00 3.58404070482923117e-17
5.11114046603920436e+00 6.73808636714814838e-19
4.76536686473017923e+00 -2.30102953267743387e-17
4.39018064403225594e+00 6.79016957759135969e-17
4.00000000000000000e+00 1.11022302462515629e-16
3.60981935596774317e+00 -1.22100790139540331e-17
3.23463313526982077e+00 3.74686641818168161e-17
2.88885953396079476e+00 3.18362518439533191e-17
2.58578643762690463e+00 3.41190441880204286e-18
2.33706077539491019e+00 -9.31338490125217113e-18
2.15224093497742652e+00 1.42485386693606122e-17
2.03842943919353914e+00 5.19017146537159122e-17
2.39018064403225683e+00 4.36718053509292584e-17
2.42861008322579552e+00 -3.32093106760947879e-17
2.54242157900968291e+00 1.24619676232126779e-18
2.72724141942716569e+00 -1.29792628302003197e-17
2.97596708165916146e+00 -2.63580453596923824e-17
3.27904017799305247e+00 3.05689506269159344e-17
3.62481377930207760e+00 9.09452013977727206e-17
4.00000000000000000e+00 -1.28415154379289908e-16
4.39018064403225594e+00 2.71841035777695572e-17
4.78036128806451277e+00 3.46987040113410893e-17
5.15554750876243695e+00 -1.65277835632787860e-18
5.50132111007146030e+00 1.65512534867673354e-17
5.80439420640535175e+00 -2.26970438650024540e-17
6.05311986863734575e+00 6.94303963648706254e-17
6.23793970905483075e+00 -1.44403122908527885e-16
6.35175120483871858e+00 9.13762343477549190e-18
6.39018064403225683e+00 4.68468641036055544e-17
6.35175120483871680e+00 -2.55269284174772223e-17
6.23793970905482986e+00 -2.50262375228134841e-17
6.05311986863734663e+00 6.16941650437067518e-17
5.80439420640535175e+00 -2.49717126079640476e-17
5.50132111007146030e+00 4.95065579510746281e-17
5.15554750876243695e+00 5.82455233933312610e-17
4.78036128806451188e+00 -4.60441722473631712e-17
4.39018064403225505e+00 6.93510950985259985e-17
4.00000000000000000e+00 2.58151439960790508e-17
3.62481377930207760e+00 -1.65277835632786878e-18
3.27904017799305159e+00 -1.66759517289458384e-17
2.97596708165916191e+00 -3.33572670137558264e-17
2.72724141942716658e+00 4.58088867516815430e-17
2.54242157900968335e+00 -8.87947730696709849e-17
2.42861008322579597e+00 -2.35256524169466335e-18
2.76536686473018012e+00 8.97053346086998304e-18
2.80379630392371881e+00 -1.68507790271427924e-18
2.91760779970760664e+00 4.93263786900695133e-17
3.10242764012508943e+00 -3.02761271674696414e-17
3.35115330235708520e+00 6.82596312637898962e-17
3.65422639869097532e+00 -2.84320172527157976e-17
4.00000000000000000e+00 -9.14737178141436474e-18
4.37518622069792329e+00 1.05804206964207936e-17
4.76536686473018012e+00 -1.55164657671020745e-17
5.15554750876243695e+00 1.32957194579513577e-17
5.53073372946035935e+00 -3.29287260410845314e-17
5.87650733076938359e+00 -3.13554333342754448e-17
6.17958042710327327e+00 -5.19463432493898099e-17
6.42830608933526992e+00 -4.68001492603407575e-17
6.61312592975275315e+00 1.50532016518270871e-16
6.72693742553664187e+00 1.89567559757135156e-17
6.76536686473017923e+00 -6.06673165525928909e-17
6.72693742553664009e+00 2.87432053949147781e-17
6.61312592975275315e+00 1.86176053120920180e-17
6.42830608933526992e+00 -2.43159508380199639e-17
6.17958042710327504e+00 6.82596312637899209e-17
5.87650733076938359e+00 -4.29248522297975181e-17
5.53073372946035935e+00 3.33390239940162914e-17
5.15554750876243606e+00 1.02076608831357265e-16
4.76536686473017923e+00 -3.42459784666704479e-17
4.37518622069792329e+00 8.48052469823593069e-18
4.00000000000000000e+00 -3.94853068485392410e-17
3.65422639869097399e+00 -1.00797648368402266e-17
3.35115330235708431e+00 1.81697484126561110e-17
3.10242764012508943e+00 3.05021201154593367e-17
2.91760779970760620e+00 1.04032554456576397e-16
2.80379630392371970e+00 2.17885684372098726e-17
3.11114046603920480e+00 -1.92604881556440436e-17
3.14956990523274394e+00 5.54074346391195950e-17
3.26338140101663088e+00 3.07894705357329437e-17
3.44820124143411366e+00 1.39322624663190937e-18
3.69692690366610943e+00 -3.68964896448011374e-17
4.00000000000000000e+00 1.59435688342807881e-17
4.34577360130902512e+00 1.21968480277569747e-17
4.72095982200694753e+00 4.17398152857128697e-17
5.11114046603920436e+00 3.28735161473214210e-17
5.50132111007146030e+00 3.41679412301399800e-17
5.87650733076938359e+00 -9.90589823200227277e-17
6.22228093207840871e+00 -3.22699045822505204e-17
6.52535402841229928e+00 4.95940243385827771e-17
6.77407969064429416e+00 -1.34310296334781892e-16
6.95889953106177828e+00 2.69961061050646801e-18
7.07271102684566610e+00 -4.13468924116050184e-18
7.11114046603920436e+00 3.06359103437797525e-17
7.07271102684566522e+00 -1.56459522796209400e-17
6.95889953106177828e+00 6.78143329544003936e-17
6.77407969064429416e+00 -1.37982273669236357e-17
6.52535402841230017e+00 -6.38617303890191138e-18
6.22228093207840871e+00 -1.19056869262243306e-17
5.87650733076938359e+00 9.61160341751960734e-17
5.50132111007146030e+00 -2.82934310495023587e-17
5.11114046603920436e+00 1.82627002075170047e-17
4.72095982200694664e+00 1.41468821434650323e-17
4.34577360130902512e+00 -7.73805949917131799e-17
3.99999999999999956e+00 2.69995735115608481e-17
3.69692690366610988e+00 2.47232387318907368e-17
3.44820124143411455e+00 -9.79248281249574287e-17
3.26338140101663132e+00 2.69961061050639714e-18
3.14956990523274349e+00 -1.85248106666044870e-17
3.41421356237309448e+00 -5.61334797634313643e-17
3.45264300156663362e+00 8.18331969146467013e-17
3.56645449735052189e+00 -3.48479376851556418e-17
3.75127433776800423e+00 -2.05765753197500633e-17
3.99999999999999956e+00 6.70078870827232865e-17
4.30307309633389057e+00 2.18323476633426712e-17
4.64884669764291480e+00 5.14447887136763122e-17
5.02403291834083898e+00 1.29843442311553778e-18
5.41421356237309404e+00 5.61334797634313643e-17
5.80439420640535175e+00 -1.06998059030631565e-16
6.17958042710327504e+00 3.39569568343989259e-17
6.52535402841229928e+00 4.95940243385827771e-17
6.82842712474618985e+00 5.28107522434660100e-17
7.07715278697818562e+00 1.00178220446647197e-17
7.26197262739566884e+00 -2.23312995022201383e-17
7.37578412317955578e+00 -3.86625534274387742e-18
7.41421356237309404e+00 -9.67196251937094696e-17
7.37578412317955490e+00 6.79471063525755619e-18
7.26197262739566884e+00 -7.69086068762932938e-17
7.07715278697818384e+00 -2.06738811379696252e-17
6.82842712474618985e+00 9.19738868117236760e-17
6.52535402841229928e+00 5.53372061771130616e-17
6.17958042710327504e+00 1.03543810536985094e-16
5.80439420640535175e+00 1.45439138384784010e-17
5.41421356237309404e+00 5.61334797634313889e-17
5.02403291834083809e+00 -7.31877956311493330e-17
4.64884669764291480e+00 1.28077120166674554e-16
4.30307309633388968e+00 2.47297253369379097e-18
4.00000000000000000e+00 -3.52180785161187744e-17
3.75127433776800512e+00 2.75113037492469601e-17
3.56645449735052145e+00 1.00406269638641981e-18
3.45264300156663406e+00 -3.59037433797480472e-17
3.66293922460508981e+00 2.17929371827762208e-17
3.70136866379862983e+00 6.95918214629048860e-17
3.81518015958251633e+00 1.06563565390884670e-16
4.00000000000000000e+00 1.25410964588571024e-17
4.24872566223199577e+00 4.86710372562710898e-17
4.55179875856588723e+00 -3.77164036240958212e-17
4.89757235987491146e+00 8.84620958289400107e-17
5.27275858057283386e+00 -8.05346280631075181e-17
5.66293922460509069e+00 -2.43086749226905826e-17
6.05311986863734663e+00 -1.84742651964726406e-17
6.42830608933527081e+00 -1.24904606570657588e-16
6.77407969064429505e+00 -9.68890329806382415e-17
7.07715278697818473e+00 4.63796941307951839e-17
7.32587844921018227e+00 -1.57570054776336823e-17
7.51069828962766550e+00 -1.47781539283955222e-17
7.62450978541155244e+00 3.21077943606839947e-17
7.66293922460509069e+00 -7.79957177343746842e-17
7.62450978541155244e+00 1.14026269010055770e-16
7.51069828962766373e+00 1.06563565390884658e-16
7.32587844921018050e+00 3.74212633541437246e-17
7.07715278697818739e+00 3.99272329382917553e-17
6.77407969064429594e+00 -6.56988585810948183e-17
6.42830608933527081e+00 9.62160055722146721e-17
6.05311986863734663e+00 -6.59770050695658331e-17
5.66293922460509069e+00 -6.73610298400476894e-18
5.27275858057283386e+00 1.42604653261324276e-17
4.89757235987491057e+00 -2.82300825884838305e-17
4.55179875856588545e+00 -5.09352236103438913e-17
4.24872566223199399e+00 2.20170764631462794e-17
4.00000000000000178e+00 -1.90662858721998979e-17
3.81518015958251766e+00 -7.74491183992814564e-17
3.70136866379862983e+00 -5.58028366506765637e-17
3.84775906502257348e+00 1.06242121870929122e-16
3.88618850421611262e+00 1.00194791275352357e-16
4.00000000000000000e+00 -3.03340417168257995e-17
4.18481984041748323e+00 2.72145599495379433e-18
4.43354550264947900e+00 4.91410963231648232e-17
4.73661859898336957e+00 9.47502506503405696e-17
5.08239220029239380e+00 -6.53229846663291791e-17
5.45757842099031620e+00 -1.09821504620281905e-16
5.84775906502257392e+00 -8.61452379011098357e-17
6.23793970905482986e+00 -9.67279853601500966e-17
6.61312592975275315e+00 -6.72870536242004923e-17
6.95889953106177828e+00 2.69961061050650076e-18
7.26197262739566884e+00 -1.38802299371001498e-17
7.51069828962766461e+00 2.26431094257481531e-17
7.69551813004514784e+00 1.58502173838558230e-17
7.80932962582903478e+00 1.78486644230013262e-17
7.84775906502257392e+00 2.07942459391777478e-16
7.80932962582903478e+00 9.45947229493451186e-17
7.69551813004514784e+00 -3.52923256626563028e-18
7.51069828962766373e+00 1.02546703174900271e-16
7.26197262739566973e+00 6.49283047449076874e-17
6.95889953106177739e+00 1.65367535160818997e-16
6.61312592975275404e+00 -6.76398420819213753e-17
6.23793970905482986e+00 -1.06836860107784728e-16
5.84775906502257392e+00 -1.60374332051059051e-16
5.45757842099031709e+00 -1.18387362098534282e-16
5.08239220029239380e+00 5.17210641369714632e-17
4.73661859898336868e+00 2.89089536562508100e-18
4.43354550264947900e+00 -1.38802299371001221e-17
4.18481984041748323e+00 5.88228851799764565e-17
3.99999999999999956e+00 -6.89168914826094788e-17
3.88618850421611306e+00 -2.92300323109332042e-17
3.96157056080646131e+00 7.49288716724137380e-17
4.00000000000000000e+00 -9.89459487545768850e-18
4.11381149578388694e+00 -8.95754683490561711e-18
4.29863133620137017e+00 -7.18606942771853611e-17
4.54735699843336683e+00 4.67653715281840096e-17
4.85043009476725739e+00 -3.39461263807665909e-17
5.19620369607628163e+00 -4.88105203280019829e-17
5.57138991677420581e+00 -5.99526931273710459e-17
5.96157056080646086e+00 -1.27268445736213836e-17
6.35175120483871858e+00 9.67093903747673639e-18
6.72693742553664098e+00 -2.03257246936449381e-17
7.07271102684566610e+00 1.06740940539415125e-16
7.37578412317955490e+00 1.69776387451329382e-17
7.62450978541155244e+00 -9.69598547829241436e-17
7.80932962582903478e+00 1.78486644230010797e-17
7.92314112161292350e+00 -1.40667847804433102e-16
7.96157056080646086e+00 4.61049942630153646e-17
7.92314112161292172e+00 -1.02068575589626279e-17
7.80932962582903478e+00 -8.72081203813590613e-17
7.62450978541155067e+00 1.95876744028621860e-17
7.37578412317955756e+00 -7.35411852728118571e-17
7.07271102684566522e+00 1.42114919134684232e-17
6.72693742553664098e+00 -4.88105203280019151e-17
6.35175120483871858e+00 -3.29646569623503677e-17
5.96157056080646086e+00 -2.44660466844196885e-17
5.57138991677420492e+00 -3.90986519804814813e-17
5.19620369607628163e+00 -1.27287255894980244e-17
4.85043009476725651e+00 1.03738935555753782e-16
4.54735699843336594e+00 2.74825352004616522e-17
4.29863133620137194e+00 -8.39614633620002629e-17
4.11381149578388783e+00 4.41210987081363000e-17
4.00000000000000089e+00 -8.52929108995485379e-17
4.00000000000000000e+00 0.00000000000000000e+00
4.03842943919353914e+00 8.44109985522582511e-19
4.15224093497742608e+00 8.74910454736324099e-17
4.33706077539490931e+00 -1.02889822345318614e-16
4.58578643762690596e+00 1.80803399901155214e-16
4.88885953396079564e+00 -2.17344031358834516e-17
5.23463313526982077e+00 9.79213821285096168e-17
5.60981935596774406e+00 -2.39285209510761447e-17
6.00000000000000000e+00 0.00000000000000000e+00
6.39018064403225683e+00 4.68468641036055544e-17
6.76536686473017923e+00 -6.06673165525928909e-17
7.11114046603920436e+00 3.06359103437797525e-17
7.41421356237309404e+00 -9.67196251937094696e-17
7.66293922460509069e+00 -7.79957177343746842e-17
7.84775906502257392e+00 2.07942459391777478e-16
7.96157056080646086e+00 4.61049942630153646e-17
8.00000000000000000e+00 0.00000000000000000e+00
7.96157056080646086e+00 1.05869871417851266e-16
7.84775906502257392e+00 1.00467541516703748e-16
7.66293922460508981e+00 -1.19370746317797634e-16
7.41421356237309581e+00 1.02298776966966468e-16
7.11114046603920436e+00 -2.29728616480121613e-17
6.76536686473018012e+00 6.53867905374510823e-17
6.39018064403225683e+00 3.44886170483093112e-17
6.00000000000000000e+00 0.00000000000000000e+00
5.60981935596774317e+00 1.28118469150566488e-17
5.23463313526981988e+00 -6.41171038680295643e-17
4.88885953396079476e+00 4.86816353870500038e-17
4.58578643762690508e+00 -2.77392100849167003e-17
4.33706077539491019e+00 -9.29910077558130957e-17
4.15224093497742608e+00 1.02675451803182095e-16
4.03842943919353914e+00 -2.82392430365929237e-17
3.96157056080646086e+00 1.04778405348917606e-16
3.99999999999999956e+00 2.23028935353412531e-17
4.11381149578388694e+00 -2.40537837750490952e-17
4.29863133620137017e+00 3.16765653872574698e-17
4.54735699843336594e+00 6.22380072286010243e-17
4.85043009476725651e+00 -1.06825844361337717e-16
5.19620369607628163e+00 -4.12327940969990284e-18
5.57138991677420403e+00 2.00470124985148667e-17
5.96157056080646086e+00 -1.04829089694683082e-16
6.35175120483871680e+00 -2.55269284174772223e-17
6.72693742553664098e+00 2.87432053949147720e-17
7.07271102684566522e+00 -1.56459522796209400e-17
7.37578412317955490e+00 6.79471063525755619e-18
7.62450978541155155e+00 5.58904088374132158e-17
7.80932962582903478e+00 7.48174600668707674e-17
7.92314112161292172e+00 -2.23992553134522686e-17
7.96157056080646086e+00 1.05869871417851266e-16
7.92314112161292083e+00 4.17822125189155597e-17
7.80932962582903478e+00 2.21865051008565666e-18
7.62450978541155067e+00 -4.23298150043762289e-17
7.37578412317955667e+00 1.13129839992507996e-16
7.07271102684566522e+00 -1.00841611815236670e-16
6.72693742553664009e+00 -2.14241072984503144e-17
6.35175120483871769e+00 8.77505614842621495e-17
5.96157056080646086e+00 -8.35590570513021472e-17
5.57138991677420314e+00 1.50920187306838494e-17
5.19620369607628163e+00 2.87432053949147781e-17
4.85043009476725562e+00 -8.11165318079490989e-17
4.54735699843336594e+00 -9.57424241706997166e-17
4.29863133620137106e+00 3.19603902538847104e-17
4.11381149578388694e+00 -5.50724423990532893e-18
3.99999999999999956e+00 -1.25033113004600824e-17
3.84775906502257392e+00 1.39275523730008474e-17
3.88618850421611306e+00 3.26646187968545637e-17
4.00000000000000089e+00 1.11079552644560984e-17
4.18481984041748323e+00 -8.16205479835995995e-17
4.43354550264947900e+00 4.34589734150200848e-17
4.73661859898336868e+00 3.31954306130377121e-18
5.08239220029239469e+00 -6.50939707009458222e-17
5.45757842099031709e+00 1.10294976306877714e-16
5.84775906502257392e+00 6.16933159681843888e-18
6.23793970905482986e+00 -3.78333153241631705e-17
6.61312592975275315e+00 -1.86676923463143028e-18
6.95889953106177739e+00 -7.80218993334363604e-17
7.26197262739566796e+00 -1.32302654949234548e-16
7.51069828962766373e+00 1.06563565390884682e-16
7.69551813004514784e+00 6.96302216294351623e-19
7.80932962582903656e+00 -7.44824070241682377e-17
7.84775906502257392e+00 1.00467541516703748e-16
7.80932962582903478e+00 2.21865051008565666e-18
7.69551813004514784e+00 4.77925372402091912e-17
7.51069828962766373e+00 -1.04748972185567452e-16
7.26197262739566884e+00 4.34589734150200910e-17
6.95889953106177739e+00 -1.68385639007463943e-17
6.61312592975275315e+00 -1.07580366476376478e-16
6.23793970905482986e+00 1.87987881719412432e-17
5.84775906502257392e+00 -9.13648191392383079e-18
5.45757842099031709e+00 -2.33266482357954534e-17
5.08239220029239380e+00 -2.15988716441164880e-17
4.73661859898336779e+00 -1.27363515346479415e-16
4.43354550264947811e+00 -4.84447941068704592e-17
4.18481984041748412e+00 -8.01848742594032080e-18
4.00000000000000089e+00 3.45191599303088120e-17
3.88618850421611350e+00 -8.01186352749182917e-17
3.66293922460508981e+00 -2.17929371827762208e-17
3.70136866379862939e+00 -3.69253735121308617e-17
3.81518015958251677e+00 -1.97797338152947903e-17
3.99999999999999911e+00 -2.48245205091419387e-17
4.24872566223199577e+00 2.87205713357613370e-17
4.55179875856588634e+00 -4.67085468382542874e-17
4.89757235987491057e+00 -8.27922198740318606e-17
5.27275858057283386e+00 -7.31681708981200121e-17
5.66293922460509158e+00 -1.08849268172321416e-16
6.05311986863734575e+00 3.11988045725371678e-17
6.42830608933527081e+00 1.65208415235757950e-17
6.77407969064429416e+00 -1.64443103609048896e-17
7.07715278697818473e+00 -2.32985900793543585e-17
7.32587844921018139e+00 -1.04650741221873336e-16
7.51069828962766373e+00 1.02546703174900246e-16
7.62450978541155244e+00 -2.79638537938553032e-17
7.66293922460508981e+00 -1.19370746317797634e-16
7.62450978541155067e+00 -7.67887306524434288e-18
7.51069828962766373e+00 -6.30611840098138211e-17
7.32587844921017961e+00 5.89904303603311211e-19
7.07715278697818562e+00 5.42470869342119867e-17
6.77407969064429416e+00 5.81884979510996949e-18
6.42830608933527081e+00 -1.27659177366312297e-16
6.05311986863734752e+00 -8.07865737401406221e-17
5.66293922460508981e+00 -9.70275136743202592e-17
5.27275858057283298e+00 2.98662096392255310e-17
4.89757235987491057e+00 -2.72001271569975764e-17
4.55179875856588545e+00 -2.85750194521447391e-17
4.24872566223199488e+00 -2.02474141520843999e-17
4.00000000000000089e+00 -1.06193125026427023e-16
3.81518015958251677e+00 1.02546703174900271e-16
3.70136866379863028e+00 4.90198067374374959e-17
3.41421356237309537e+00 -6.83580865766192197e-17
3.45264300156663451e+00 -3.98265084099950379e-17
3.56645449735052145e+00 1.24483175019767978e-18
3.75127433776800512e+00 -3.01375740431377363e-17
4.00000000000000089e+00 -2.30826486017675274e-17
4.30307309633389146e+00 -3.48962622702117381e-18
4.64884669764291658e+00 1.65152542396880317e-17
5.02403291834083987e+00 1.14645837412818750e-16
5.41421356237309581e+00 6.83580865766192197e-17
5.80439420640535264e+00 7.79981411533468881e-17
6.17958042710327504e+00 -6.88121821103800502e-17
6.52535402841230017e+00 -8.61426343696023420e-17
6.82842712474618985e+00 1.24491566340050584e-16
7.07715278697818562e+00 -7.26434268291601382e-17
7.26197262739566973e+00 -3.14234767571354944e-18
7.37578412317955667e+00 -1.14413326990228579e-16
7.41421356237309581e+00 1.02298776966966468e-16
7.37578412317955667e+00 2.26652735263927364e-17
7.26197262739566973e+00 -5.48867246998155865e-17
7.07715278697818562e+00 -5.22985583060163079e-17
6.82842712474619162e+00 7.16808140965846480e-17
6.52535402841230017e+00 3.90020406127092711e-17
6.17958042710327593e+00 -1.79853262370863231e-17
5.80439420640535264e+00 8.96837387773786278e-17
5.41421356237309581e+00 6.83580865766192197e-17
5.02403291834083898e+00 5.15899907914926369e-17
4.64884669764291569e+00 -8.95839293824570536e-18
4.30307309633389057e+00 -4.99130756097355611e-17
3.99999999999999956e+00 4.59869434058618380e-17
3.75127433776800512e+00 -1.00209313104972849e-16
3.56645449735052233e+00 -3.55875279528152908e-17
3.45264300156663451e+00 -1.07138253861160999e-16
3.11114046603920391e+00 -2.37579221278148282e-19
3.14956990523274305e+00 -1.19494127767580588e-18
3.26338140101663043e+00 -1.68385639007463943e-17
3.44820124143411366e+00 6.55421010956674915e-17
3.69692690366610943e+00 4.53993791105317403e-17
4.00000000000000000e+00 1.00669208201873903e-16
4.34577360130902512e+00 7.98177754910797329e-17
4.72095982200694841e+00 1.75149245287705957e-17
5.11114046603920436e+00 1.42546592578107525e-17
5.50132111007146030e+00 4.27161326405266592e-17
5.87650733076938359e+00 3.07783183644927339e-17
6.22228093207840871e+00 3.74359290868187242e-17
6.52535402841229928e+00 4.94783278269851849e-17
6.77407969064429416e+00 -3.99213184708893453e-17
6.95889953106177916e+00 -1.44248144610028501e-16
7.07271102684566699e+00 -6.48280585390090089e-17
7.11114046603920436e+00 -2.29728616480121613e-17
7.07271102684566522e+00 -1.07632037125784639e-16
6.95889953106177828e+00 -1.68385639007463912e-17
6.77407969064429416e+00 1.04502081821196153e-16
6.52535402841229928e+00 1.41951797460405337e-16
6.22228093207840871e+00 2.16669480682809328e-16
5.87650733076938447e+00 5.42772433229894635e-17
5.50132111007146118e+00 2.75119163530366998e-17
5.11114046603920436e+00 2.02885271495440554e-18
4.72095982200694664e+00 6.08198073118558906e-18
4.34577360130902424e+00 -2.68439769625225714e-17
3.99999999999999911e+00 5.59298690087880659e-17
3.69692690366610943e+00 1.21786573310480850e-18
3.44820124143411411e+00 -5.10642295784680220e-17
3.26338140101663132e+00 -8.92255925472607329e-17
3.14956990523274394e+00 -4.03000732493204069e-17
2.76536686473018012e+00 -3.80553377364918441e-17
2.80379630392371837e+00 -5.42645729573528908e-17
2.91760779970760620e+00 8.44403993412067761e-17
3.10242764012508854e+00 -6.75532063237976150e-17
3.35115330235708431e+00 -5.33666311057248174e-17
3.65422639869097532e+00 3.79019000791501988e-17
4.00000000000000089e+00 2.49038468525159227e-17
4.37518622069792329e+00 6.08629645056938162e-18
4.76536686473017923e+00 -2.52592078005089049e-18
5.15554750876243606e+00 -8.35116699196649152e-19
5.53073372946035935e+00 3.33390239940162914e-17
5.87650733076938536e+00 5.97319954491312235e-17
6.17958042710327504e+00 1.03543810536985070e-16
6.42830608933526904e+00 -4.23704509231877744e-17
6.61312592975275493e+00 -8.75772745761288223e-17
6.72693742553664187e+00 -1.07136534170293489e-16
6.76536686473018012e+00 6.53867905374510823e-17
6.72693742553664009e+00 -5.11730773273526528e-17
6.61312592975275315e+00 7.62033774557842171e-17
6.42830608933526904e+00 4.23988625443142282e-17
6.17958042710327504e+00 -6.91538395274676816e-17
5.87650733076938447e+00 1.05752121746837521e-16
5.53073372946035935e+00 -1.13235381412890617e-17
5.15554750876243695e+00 -2.58861939330365437e-18
4.76536686473017923e+00 7.17031733698983252e-17
4.37518622069792240e+00 -8.35116699196649152e-19
4.00000000000000000e+00 5.09374653405506693e-17
3.65422639869097488e+00 1.67924274308157629e-17
3.35115330235708475e+00 1.03543810536985119e-16
3.10242764012508943e+00 -1.09130303316624956e-17
2.91760779970760709e+00 6.19439108002600350e-18
2.80379630392371881e+00 -3.65368702703378968e-19
2.39018064403225683e+00 2.69973637469607174e-17
2.42861008322579597e+00 8.57810065355821571e-17
2.54242157900968291e+00 -8.77157820601020144e-17
2.72724141942716569e+00 -4.27162781800459488e-17
2.97596708165916191e+00 -4.60126234685909836e-17
3.27904017799305247e+00 8.74991462391333402e-18
3.62481377930207760e+00 1.02184584080460336e-17
4.00000000000000000e+00 5.14442605961787334e-17
4.39018064403225683e+00 1.71002859204063403e-17
4.78036128806451366e+00 -1.74459326626653006e-16
5.15554750876243606e+00 1.02076608831357265e-16
5.50132111007146207e+00 5.67351922844939132e-17
5.80439420640535175e+00 -3.86857030458741605e-17
6.05311986863734575e+00 -9.63451069828386378e-17
6.23793970905482986e+00 3.99332930608652029e-17
6.35175120483871858e+00 -8.61942738467029538e-17
6.39018064403225683e+00 3.44886170483093112e-17
6.35175120483871769e+00 8.77505614842621495e-17
6.23793970905482986e+00 -2.04510591593557243e-18
6.05311986863734575e+00 -3.23271446590346899e-17
5.80439420640535264e+00 6.07873959882970938e-17
5.50132111007146118e+00 2.75119163530366998e-17
5.15554750876243695e+00 1.02184584080460320e-17
4.78036128806451366e+00 7.40061448122323666e-17
4.39018064403225683e+00 -7.24654520685117242e-17
4.00000000000000000e+00 -8.72296633133264905e-17
3.62481377930207671e+00 8.05653801675679617e-17
3.27904017799305203e+00 4.52715813545909188e-17
2.97596708165916146e+00 -3.10540101558565798e-17
2.72724141942716614e+00 1.69028508694395948e-17
2.54242157900968291e+00 1.22231544155592437e-17
2.42861008322579552e+00 -4.67262071631704039e-17
1.99999999999999978e+00 0.00000000000000000e+00
2.03842943919353869e+00 1.00163028327787410e-17
2.15224093497742652e+00 -2.59211713178737180e-17
2.33706077539490931e+00 2.03688474090686534e-17
2.58578643762690508e+00 6.11230340659392770e-18
2.88885953396079564e+00 -2.51711998296728917e-17
3.23463313526982033e+00 2.06332719917007218e-17
3.60981935596774361e+00 -1.68083447515088624e-17
3.99999999999999956e+00 0.00000000000000000e+00
4.39018064403225683e+00 -1.39536883079940477e-17
4.76536686473017923e+00 -5.47303530133938962e-17
5.11114046603920436e+00 -3.50950916993211098e-17
5.41421356237309404e+00 2.36158002351044563e-17
5.66293922460509069e+00 -1.92771994428618590e-17
5.84775906502257392e+00 -1.60374332051059051e-16
5.96157056080646086e+00 -1.15962234819356110e-16
6.00000000000000000e+00 0.00000000000000000e+00
5.96157056080646086e+00 -8.35590570513021472e-17
5.84775906502257392e+00 -3.40244363428201338e-17
5.66293922460508981e+00 3.68497713815476727e-17
5.41421356237309581e+00 3.58404070482923117e-17
5.11114046603920436e+00 -5.45220526785422691e-17
4.76536686473017923e+00 1.71834726128642339e-17
4.39018064403225594e+00 -2.16640422130044676e-17
3.99999999999999911e+00 0.00000000000000000e+00
3.60981935596774317e+00 -3.34801116573349681e-17
3.23463313526981988e+00 -1.52961747280622003e-17
2.88885953396079476e+00 -2.25515053815932864e-17
2.58578643762690463e+00 3.41190441880204286e-18
2.33706077539491019e+00 -4.28190942142344754e-18
2.15224093497742652e+00 -5.99805554805885973e-17
2.03842943919353914e+00 -5.13336755920188144e-17
1.60981935596774317e+00 9.63678816238035276e-18
1.64824879516128253e+00 -2.43257506608327525e-17
1.76206029094516969e+00 2.94578604933929843e-18
1.94688013136265270e+00 -8.98858078584251599e-18
2.19560579359464825e+00 2.93597639518874865e-17
2.49867888992853926e+00 -2.78481873724695215e-17
2.84445249123756350e+00 -2.00771010647429334e-17
3.21963871193548723e+00 -6.07116053935425762e-17
3.60981935596774317e+00 -1.22100790139540331e-17
4.00000000000000000e+00 5.47114867851605971e-17
4.37518622069792329e+00 -9.04263897472174362e-18
4.72095982200694753e+00 2.46527643694276951e-17
5.02403291834083809e+00 4.00095623235613122e-17
5.27275858057283298e+00 6.18119935228500154e-17
5.45757842099031709e+00 -7.66995739227806017e-17
5.57138991677420492e+00 -3.96319675831827258e-17
5.60981935596774317e+00 1.28118469150566488e-17
5.57138991677420314e+00 -1.66433684022151837e-17
5.45757842099031709e+00 -2.33266482357954534e-17
5.27275858057283386e+00 6.56848470880645555e-17
5.02403291834083898e+00 3.07460967036158213e-17
4.72095982200694753e+00 -8.91058004831082784e-18
4.37518622069792240e+00 -5.27767790691843930e-17
3.99999999999999911e+00 2.16593767383841610e-17
3.60981935596774273e+00 2.99569125068024082e-17
3.21963871193548679e+00 4.58279267698985586e-17
2.84445249123756394e+00 -9.04263897472173438e-18
2.49867888992853837e+00 -8.57444084628547872e-18
2.19560579359464825e+00 2.93493391748079398e-17
1.94688013136265337e+00 3.81904839096609330e-17
1.76206029094516992e+00 -2.10912240839237021e-17
1.64824879516128209e+00 -5.11221562596528834e-17
1.23463313526982033e+00 5.52074614543330959e-18
1.27306257446335946e+00 -1.68507790271427924e-18
1.38687407024724707e+00 -8.58814513242743847e-19
1.57169391066473008e+00 -1.59240443400315532e-17
1.82041957289672540e+00 -8.95839293824570536e-18
2.12349266923061597e+00 -4.70020839245727369e-17
2.46926627053964065e+00 8.45106956512001312e-18
2.84445249123756394e+00 -1.24051804980246711e-17
3.23463313526982033e+00 8.41769609505804715e-18
3.62481377930207715e+00 1.32957194579513577e-17
3.99999999999999956e+00 2.50746102836491399e-17
4.34577360130902512e+00 -4.14337041682255676e-17
4.64884669764291480e+00 -2.58968323377354682e-17
4.89757235987491057e+00 -2.82300825884838305e-17
5.08239220029239469e+00 1.34602031441008382e-17
5.19620369607628252e+00 1.54588051598869711e-17
5.23463313526981988e+00 -6.41171038680295643e-17
5.19620369607628163e+00 2.87432053949147781e-17
5.08239220029239380e+00 -3.15675878912202361e-17
4.89757235987491057e+00 -9.96386801058187573e-18
4.64884669764291569e+00 -8.95839293824568224e-18
4.34577360130902424e+00 -6.14949189016544574e-17
4.00000000000000000e+00 5.09374653405506693e-17
3.62481377930207671e+00 7.90910076369118000e-17
3.23463313526981988e+00 -1.03118166045103262e-17
2.84445249123756350e+00 8.48052469823593069e-18
2.46926627053964065e+00 1.85180294761944303e-17
2.12349266923061553e+00 -2.01580356707903494e-17
1.82041957289672518e+00 4.42192593243104527e-17
1.57169391066473008e+00 4.90721867873162638e-17
1.38687407024724729e+00 -3.30392589175936419e-17
1.27306257446335969e+00 1.82906176213833281e-17
8.88859533960795201e-01 -1.21476311237379239e-18
9.27288973154334117e-01 -7.43430338731557192e-18
1.04110046893822150e+00 -2.47216806955248802e-17
1.22592030935570473e+00 3.77172903812353232e-18
1.47464597158770006e+00 -3.07773771884385552e-17
1.77771906792159062e+00 3.44375087562501298e-17
2.12349266923061553e+00 -8.37694734270035396e-18
2.49867888992853882e+00 5.93684477313056776e-17
2.88885953396079476e+00 2.84086417251470951e-17
3.27904017799305159e+00 3.70169748030476225e-18
3.65422639869097443e+00 -3.75750293936618052e-19
3.99999999999999867e+00 -9.51198114257369745e-17
4.30307309633388968e+00 1.33644655787159962e-17
4.55179875856588456e+00 -3.54103725535932003e-17
4.73661859898336868e+00 2.89089536562504826e-18
4.85043009476725651e+00 9.12897312865035517e-18
4.88885953396079476e+00 4.86816353870500038e-17
4.85043009476725562e+00 -7.84876903060561070e-17
4.73661859898336868e+00 1.23031817231425666e-17
4.55179875856588545e+00 -1.14197245754320127e-17
4.30307309633388968e+00 -2.67060582539329191e-19
3.99999999999999911e+00 6.58825299574501106e-18
3.65422639869097443e+00 7.55422388047387447e-17
3.27904017799305159e+00 -1.06647986039095508e-17
2.88885953396079431e+00 1.37978257853426788e-17
2.49867888992853837e+00 -1.63193616063701854e-17
2.12349266923061553e+00 2.13026370343729298e-17
1.77771906792158996e+00 -3.58503333319256060e-17
1.47464597158770028e+00 -1.15063200279760442e-17
1.22592030935570473e+00 9.75095656231266256e-19
1.04110046893822172e+00 2.89089536562497739e-18
9.27288973154334228e-01 -5.26114829679363000e-18
5.85786437626904966e-01 1.28469353453614050e-17
6.24215876820443993e-01 2.65044157109275238e-17
7.38027372604331378e-01 -1.90607292634128238e-17
9.22847213021814161e-01 1.87416026952071301e-17
1.17157287525380971e+00 -1.14967358514654595e-17
1.47464597158770028e+00 -7.39177533589720388e-18
1.82041957289672518e+00 5.14447887136763369e-17
2.19560579359464825e+00 1.58506871317978419e-17
2.58578643762690463e+00 -1.28469353453614050e-17
2.97596708165916191e+00 -5.16692778269123816e-17
3.35115330235708520e+00 -4.53272181172580174e-17
3.69692690366610943e+00 4.49082429396187545e-17
3.99999999999999911e+00 8.92734878239318589e-17
4.24872566223199488e+00 -1.71177134224066073e-17
4.43354550264947900e+00 -2.23312995022201136e-17
4.54735699843336594e+00 2.74458670299766424e-17
4.58578643762690508e+00 -2.77392100849167003e-17
4.54735699843336594e+00 -4.85340705684616275e-17
4.43354550264947811e+00 -6.11213984545504789e-17
4.24872566223199399e+00 1.86442968769875682e-17
3.99999999999999911e+00 1.34692638775349299e-17
3.69692690366610854e+00 2.61130831778731866e-17
3.35115330235708431e+00 1.03543810536985119e-16
2.97596708165916146e+00 2.90961665471607052e-17
2.58578643762690463e+00 -1.28469353453613850e-17
2.19560579359464825e+00 -1.78590144274301494e-17
1.82041957289672540e+00 4.87929452150176104e-17
1.47464597158770006e+00 -2.21280886527023157e-18
1.17157287525380971e+00 1.24465706434707455e-18
9.22847213021814494e-01 3.75768282175633021e-19
7.38027372604331267e-01 1.00406269638644446e-18
6.24215876820444104e-01 -4.59162100702752582e-18
3.37060775394909695e-01 6.79764716133780934e-18
3.75490214588448890e-01 5.42057707432616705e-18
4.89301710372336163e-01 -6.05669340632068865e-18
6.74121550789819279e-01 -1.10023790874721654e-17
9.22847213021814827e-01 2.71331745005771942e-17
1.22592030935570540e+00 -2.52404299421082724e-17
1.57169391066473030e+00 7.15280413096834741e-18
1.94688013136265359e+00 -1.27056466768778321e-18
2.33706077539491019e+00 1.11318883227093620e-17
2.72724141942716658e+00 -2.30122834188802067e-19
3.10242764012509031e+00 -4.43064482106910859e-17
3.44820124143411455e+00 -5.30010046368104261e-17
3.75127433776800512e+00 2.75113037492469601e-17
4.00000000000000000e+00 3.52001676815366819e-18
4.18481984041748323e+00 6.65311377695761411e-17
4.29863133620137194e+00 7.57941912542999252e-17
4.33706077539491019e+00 -9.29910077558130957e-17
4.29863133620137106e+00 4.98550246214770510e-17
4.18481984041748412e+00 -6.05669340632070098e-18
4.00000000000000000e+00 1.38777878078144568e-17
3.75127433776800556e+00 1.83893701825978596e-17
3.44820124143411411e+00 -5.32228848991072695e-17
3.10242764012508987e+00 1.49067138742430088e-17
2.72724141942716614e+00 1.32870583258538986e-17
2.33706077539491019e+00 2.87044602613951757e-17
1.94688013136265337e+00 3.25046076884162662e-17
1.57169391066473030e+00 5.23680757714826717e-17
1.22592030935570495e+00 -7.04719526651607585e-18
9.22847213021814716e-01 3.14868608159805560e-18
6.74121550789819390e-01 2.10736373587454149e-19
4.89301710372336163e-01 3.86017329869020533e-18
3.75490214588448890e-01 -1.21164397570606332e-17
1.52240934977426468e-01 9.75114282333739775e-19
1.90670374170965551e-01 2.89865326074178137e-18
3.04481869954852935e-01 -1.06629043998409969e-18
4.89301710372335941e-01 2.72145599495379433e-18
7.38027372604331378e-01 1.74709781260542015e-17
1.04110046893822217e+00 2.18186200715673270e-17
1.38687407024724707e+00 1.79353465128225458e-18
1.76206029094517014e+00 1.05564748130789762e-20
2.15224093497742652e+00 2.09662525136965558e-17
2.54242157900968335e+00 5.68152654460483519e-19
2.91760779970760664e+00 -1.01536427514208589e-16
3.26338140101663132e+00 2.69961061050640215e-18
3.56645449735052145e+00 3.47167777832157094e-20
3.81518015958251722e+00 -4.60561330105838204e-17
4.00000000000000089e+00 8.69963219781708828e-17
4.11381149578388783e+00 4.69965074284785913e-17
4.15224093497742608e+00 1.02675451803182095e-16
4.11381149578388694e+00 -2.70141506526546148e-18
4.00000000000000000e+00 2.57385187105760680e-17
3.81518015958251677e+00 1.02546703174900271e-16
3.56645449735052189e+00 3.32581865477970657e-17
3.26338140101663043e+00 9.24359045820457665e-17
2.91760779970760709e+00 -5.23322764309941642e-19
2.54242157900968291e+00 2.99520098731025593e-18
2.15224093497742652e+00 -5.32628416362526599e-17
1.76206029094516992e+00 -2.10912240839237021e-17
1.38687407024724707e+00 1.74716902469633660e-17
1.04110046893822150e+00 2.89089536562498239e-18
7.38027372604331378e-01 3.47167777832439002e-20
4.89301710372336163e-01 -9.87635725635551697e-18
3.04481869954852935e-01 2.22921311170559024e-18
1.90670374170965440e-01 -8.21893054559418044e-20
3.84294391935390209e-02 5.84634372805449751e-19
7.68588783870781250e-02 6.84829738268519110e-20
1.90670374170965495e-01 -1.82985868642438799e-18
3.75490214588448501e-01 3.96879625769650979e-18
6.24215876820443882e-01 1.17837593844947592e-17
9.27288973154334673e-01 -6.84490572285613861e-18
1.27306257446335969e+00 9.12151730713844145e-19
1.64824879516128298e+00 -2.15547870615368734e-17
2.03842943919353914e+00 5.10330607500619136e-17
2.42861008322579597e+00 -2.42540122261278236e-18
2.80379630392371926e+00 -2.95866752529311452e-17
3.14956990523274438e+00 -2.12079166234906787e-18
3.45264300156663362e+00 -1.60745920707863595e-17
3.70136866379862983e+00 -2.11518947115447270e-17
3.88618850421611306e+00 -3.13507093606628249e-17
4.00000000000000089e+00 -5.71544099447840227e-17
4.03842943919353914e+00 -2.82392430365929237e-17
4.00000000000000000e+00 -2.43779709678087107e-19
3.88618850421611350e+00 -8.00804322328778260e-17
3.70136866379862939e+00 9.54171649377440568e-17
3.45264300156663451e+00 -1.08522797416501107e-16
3.14956990523274305e+00 4.13127125713788755e-17
2.80379630392371926e+00 9.12151730713915212e-19
2.42861008322579552e+00 5.43324910348380475e-18
2.03842943919353914e+00 3.92938586392636087e-17
1.64824879516128209e+00 -5.11949922405710001e-17
1.27306257446335924e+00 -2.19896761487842315e-17
9.27288973154334228e-01 -5.12279664601041091e-18
6.24215876820443993e-01 -5.56969561545764549e-18
3.75490214588448667e-01 -8.15350329062084631e-18
1.90670374170965495e-01 -5.07827507552760462e-18
7.68588783870780418e-02 -1.77947303989945843e-18
